no	code	name	lambda	alpha	delta	da	dd	vel	a	q	e	peri	node	i
1	CAP	α Capricornids	128.90	306.60	-8.20	0.54	0.26	22.20	2.62	0.60	0.77	266.67	128.90	7.68
1	CAP	α Capricornids	122.30	306.70	-9.30	0.91	0.25	23.40	2.37	0.55	0.77	273.30	122.30	7.70
1	CAP	α Capricornids	123.80	303.40	-10.60	0.75	0.28	22.20	2.54	0.59	0.77	267.60	123.80	7.20
1	CAP	α Capricornids	129.00	308.40	-9.60	0.90	0.30	22.80	2.53	0.59	0.77	269.00	127.70	7.00
1	CAP	α Capricornids	127.90	307.10	-8.90	0.00	0.00	22.60	2.55	0.59	0.77	268.40	127.90	7.40
1	CAP	α Capricornids	123.50	302.90	-9.90	0.66	0.28	22.20	2.35	0.59	0.75	269.20	123.30	7.30
1	CAP	α Capricornids	126.10	305.70	-9.40	0.50	0.26	22.40	2.55	0.59	0.77	268.40	127.90	7.40
1	CAP	α Capricornids	127.00	306.50	-9.20	0.97	0.24	23.00	2.54	0.58	0.77	268.90	125.40	7.50
2	STA	Southern Taurids	224.00	49.40	13.00	0.73	0.18	28.00	2.07	0.35	0.83	115.40	37.30	5.40
2	STA	Sorthern Taurids	207.60	40.60	10.30	0.00	0.00	27.80	1.89	0.34	0.82	117.90	27.60	6.00
2	STA	Sorthern Taurids	196.50	31.00	8.00	0.82	0.29	27.92	1.67	0.31	0.81	122.50	16.00	3.00
2	STA	Sorthern Taurids	196.00	30.90	8.10	0.82	0.29	28.20	1.72	0.31	0.82	122.26	16.00	5.30
2	STA	Southern Taurids	216.00	47.90	12.80	0.99	0.26	26.60	1.95	0.35	0.80	116.60	34.40	5.30
3	SIA	Southern ι Aquariids	131.70	334.70	-14.20	1.07	0.18	33.80	2.36	0.21	0.91	131.80	311.70	6.90
3	SIA	Southern ι Aquariids	131.70	339.00	-15.60	0.00	0.00	34.80	2.68	0.19	0.93	137.50	306.90	8.60
3	SIA	Southern ι Aquariids	129.50	332.90	-14.70	0.36	-0.14	30.50	1.55	0.22	0.86	134.30	309.10	5.30
4	GEM	Geminids	262.10	113.20	32.50	1.02	-0.15	34.58	1.37	0.14	0.90	324.42	261.49	24.02
4	GEM	Geminids	261.60	112.90	32.30	0.00	0.00	34.60	1.38	0.14	0.90	324.20	261.60	23.50
4	GEM	Geminids	261.50	112.80	32.10	1.10	-0.17	35.00	1.42	0.14	0.90	324.60	261.30	24.00
4	GEM	Geminids	261.00	112.50	32.10	1.12	-0.17	34.50	1.35	0.14	0.90	324.95	261.00	23.20
4	GEM	Geminids	262.00	113.50	32.30	1.15	-0.16	33.80	1.31	0.15	0.89	324.30	261.70	22.90
5	SDA	Southern δ Aquariids	125.60	342.10	-15.40	0.00	0.00	40.50	3.11	0.09	0.97	148.90	312.20	26.40
5	SDA	Southern δ Aquariids	127.20	340.40	-16.30	0.73	0.26	40.20	1.97	0.07	0.97	154.50	307.20	30.80
5	SDA	Southern δ Aquariids	126.70	339.60	-16.10	0.75	0.21	41.01	2.80	0.08	0.97	150.60	306.70	25.50
5	SDA	Southern δ Aquariids	125.60	305.70	-16.10	0.80	0.18	41.40	2.88	0.07	0.98	152.80	152.80	27.20
5	SDA	Southern δ Aquariids	126.50	340.10	-17.00	0.90	0.20	40.80	2.33	0.07	0.97	152.40	306.50	32.50
5	SDA	Southern δ Aquariids	128.20	341.00	-15.80	0.00	0.00	40.80	2.79	0.08	0.97	151.10	308.20	26.90
5	SDA	Southern δ Aquariids	126.50	341.00	-16.10	0.78	0.25	41.10	2.38	0.07	0.97	153.90	306.20	30.90
5	SDA	Southern δ Aquariids	128.00	341.30	-15.70	0.95	0.38	41.30	2.59	0.07	0.98	152.90	306.60	29.00
6	LYR	April Lyrids	32.40	272.00	33.30	0.00	0.00	46.60	45.70	0.92	0.98	214.30	31.80	79.60
6	LYR	April Lyrids	32.40	271.90	33.30	1.23	0.17	47.07	56.00	0.92	0.98	214.50	32.20	79.50
6	LYR	April Lyrids	32.40	271.90	33.60	1.10	0.00	47.60	28.00	0.92	0.97	214.30	32.50	79.00
6	LYR	April Lyrids	32.40	272.00	33.30	0.00	0.00	47.10	83.55	0.92	0.99	214.20	32.40	79.80
6	LYR	April Lyrids	32.50	272.30	32.60	1.50	-0.30	47.30	22.20	0.91	0.96	215.80	32.30	80.70
6	LYR	April Lyrids	32.00	272.20	32.60	0.62	-0.33	46.60	10.85	0.91	0.92	215.71	32.00	80.00
6	LYR	April Lyrids	32.00	272.00	33.40	0.66	0.02	46.70	10.80	0.92	0.96	214.00	32.30	79.40
7	PER	Perseids	140.19	46.80	57.77	1.38	0.18	59.49	24.00	0.95	0.96	150.40	139.70	113.00
7	PER	Perseids	140.19	48.33	57.96	0.00	0.00	59.38	71.40	0.95	0.99	151.30	140.19	113.22
7	PER	Perseids	139.40	47.30	58.20	0.00	0.00	59.00	19.35	0.95	0.95	150.30	139.40	112.70
7	PER	Perseids	139.50	46.90	56.90	1.23	0.27	62.10	-6.40	0.96	1.15	155.10	139.80	116.20
7	PER	Perseids	140.00	48.00	57.20	1.39	0.29	61.40	-9.91	0.96	1.10	153.12	140.00	115.60
7	PER	Perseids	140.00	48.20	58.10	1.40	0.26	59.00	9.57	0.95	0.95	150.40	139.30	113.10
8	ORI	Orionids	208.60	95.40	15.90	0.70	0.11	66.20	9.68	0.57	0.94	82.80	28.60	164.20
8	ORI	Orionids	208.70	94.70	15.90	0.65	0.11	66.53	18.00	0.58	0.97	81.50	28.70	164.30
8	ORI	Orionids	209.80	96.30	16.10	0.00	0.00	66.40	15.27	0.56	0.96	83.20	29.80	164.60
8	ORI	Orionids	207.50	94.70	15.50	0.78	0.03	66.40	9.71	0.60	0.94	80.10	27.00	163.60
8	ORI	Orionids	208.00	95.50	15.20	0.78	0.02	65.40	5.47	0.57	0.90	83.98	28.00	162.80
8	ORI	Orionids	209.00	95.90	15.70	1.03	-0.05	66.30	6.87	0.58	0.94	82.20	28.30	163.90
9	DRA	October Draconids	203.90	274.70	52.40	0.00	0.00	16.70	2.39	0.99	0.58	178.20	203.90	25.50
9	DRA	October Draconids	195.10	264.10	57.60	1.90	0.30	20.40	3.02	1.00	0.67	172.90	196.40	31.40
9	DRA	October Draconids	195.50	261.70	54.80	0.00	0.00	19.70	2.89	0.99	0.66	171.90	196.60	30.30
9	DRA	October Draconids	195.00	262.90	55.70	0.34	-0.05	20.70	3.15	1.00	0.71	173.20	195.00	31.40
10	QUA	Quadrantids	283.28	230.00	49.50	0.40	-0.20	41.36	3.14	0.98	0.69	172.00	283.30	72.00
10	QUA	Quadrantids	283.20	230.20	49.20	0.00	0.00	41.20	3.02	0.98	0.68	171.10	283.20	71.90
10	QUA	Quadrantids	283.50	231.70	48.50	0.72	-0.55	42.00	3.70	0.98	0.74	168.50	283.20	72.50
10	QUA	Quadrantids	283.00	231.50	48.50	0.78	-0.38	41.70	3.35	0.97	0.71	168.14	283.00	72.40
10	QUA	Quadrantids	283.00	230.20	49.50	0.56	-0.25	40.70	2.82	0.98	0.66	171.40	283.30	71.20
11	EVI	η Virginids	354.00	182.10	2.60	1.00	-0.37	29.20	2.56	0.38	0.85	349.10	280.50	3.50
11	EVI	η Virginids	354.00	174.30	4.70	0.90	0.31	34.20	2.64	0.23	0.91	308.00	334.50	3.50
11	EVI	η Virginids	357.00	184.80	3.90	0.92	-0.40	26.60	2.47	0.46	0.81	281.00	355.70	5.40
12	KCG	κ Cygnids	145.20	286.20	59.10	0.00	0.00	24.80	3.09	0.99	0.68	194.00	145.00	38.00
12	KCG	κ Cygnids	145.20	284.00	52.70	0.00	0.00	24.00	5.12	0.98	0.81	201.40	139.40	35.90
12	KCG	κ Cygnids	147.60	289.50	55.60	0.00	0.00	24.90	4.14	0.98	0.76	201.90	147.60	38.50
12	KCG	κ Cygnids	141.00	277.50	52.80	0.40	0.05	20.90	2.95	0.99	0.66	196.90	140.00	32.50
13	LEO	Leonids	235.10	154.24	21.60	0.66	-0.33	70.66	10.10	0.99	0.90	173.50	236.15	162.36
13	LEO	Leonids	235.20	153.00	22.00	0.70	-0.42	70.70	11.50	0.98	0.91	172.50	235.20	162.60
13	LEO	Leonids	235.00	153.60	22.10	0.60	-0.45	70.26	10.30	0.98	0.90	172.40	235.00	162.10
13	LEO	Leonids	235.70	153.90	21.60	0.94	-0.60	70.92	15.20	0.98	0.94	172.36	235.70	162.53
13	LEO	Leonids	235.40	153.60	21.80	0.00	0.00	70.80	12.01	0.98	0.92	173.20	235.40	162.40
13	LEO	Leonids	236.50	155.00	21.60	0.63	-0.27	69.00	4.22	0.98	0.77	170.30	236.20	161.50
13	LEO	Leonids	237.00	155.10	21.10	0.55	-0.37	67.30	2.52	0.98	0.61	171.11	237.00	162.00
13	LEO	Leonids	235.00	153.80	21.80	0.99	-0.36	70.20	6.63	0.98	0.87	170.80	234.50	162.20
15	URS	Ursids	271.00	219.35	75.34	0.00	0.00	33.00	4.62	0.94	0.80	204.90	270.74	51.50
15	URS	Ursids	270.50	222.00	74.60	0.00	0.00	37.60	-10.30	0.95	1.09	201.60	270.80	57.30
15	URS	Ursids	270.50	222.10	74.80	1.77	-0.05	35.60	24.11	0.95	0.96	202.53	270.00	55.50
15	URS	Ursids	271.00	219.90	75.40	0.05	-0.31	32.90	4.87	0.94	0.81	205.60	270.10	52.60
16	HYD	σ Hydrids	265.50	131.90	0.20	0.72	-0.21	58.00	12.30	0.22	0.98	124.00	84.80	124.90
16	HYD	σ Hydrids	259.10	127.10	1.80	0.00	0.00	58.00	10.77	0.24	0.98	122.50	79.10	126.50
16	HYD	σ Hydrusids	266.00	134.40	-0.10	0.92	-0.28	58.90	9.08	0.26	0.98	119.50	76.50	128.70
17	NTA	Northern Taurids	224.00	58.60	21.60	0.80	0.16	28.30	2.12	0.35	0.83	294.90	226.20	3.10
17	NTA	Northern Taurids	224.00	44.00	18.90	0.82	0.22	30.69	2.20	0.28	0.87	302.30	212.70	2.90
17	NTA	Northern Taurids	214.10	44.70	19.80	0.00	0.00	29.60	2.16	0.32	0.85	298.80	214.10	3.40
17	NTA	Northern Taurids	224.50	53.30	21.00	0.88	0.19	28.10	2.06	0.35	0.83	294.80	223.80	2.30
17	NTA	Northern Taurids	219.00	48.90	17.70	0.84	0.25	28.10	2.06	0.35	0.83	115.09	39.10	0.40
17	NTA	Northern Taurids	220.00	48.90	20.70	1.03	0.26	28.00	2.13	0.35	0.83	294.60	220.60	3.00
18	AND	Andromedids	232.00	24.20	32.50	0.63	0.33	17.20	2.76	0.79	0.71	238.90	231.00	10.00
18	AND	Andromedids	223.00	20.70	28.00	1.00	0.37	18.20	2.99	0.76	0.74	243.70	222.50	9.40
19	MON	December Monocerotids	260.90	101.80	8.10	0.83	-0.05	42.00	50.70	0.19	1.00	128.10	80.20	35.20
19	MON	December Monocerotids	261.20	103.30	8.00	0.00	0.00	42.50	91.00	0.18	1.00	129.30	81.20	36.80
19	MON	December Monocerotids	261.50	102.60	8.10	0.63	-0.11	41.50	22.30	0.19	0.99	127.90	81.30	34.40
19	MON	December Monocerotids	261.00	102.30	8.60	0.69	-0.24	40.60	8.88	0.19	0.98	128.65	81.00	32.40
19	MON	December Monocerotids	261.00	102.90	7.80	0.97	-0.09	41.40	8.20	0.19	0.98	128.70	78.50	35.20
20	COM	Comae Berenicids	274.00	175.20	22.20	0.00	0.00	63.70	14.40	0.54	0.96	265.00	283.30	139.40
20	COM	Comae Berenicids	265.70	159.70	31.60	0.79	-0.32	63.00	14.40	0.54	0.96	265.00	283.30	139.40
20	COM	Comae Berenicids	275.90	168.80	27.20	0.00	0.00	67.00	-4.02	0.61	1.15	253.00	275.90	137.30
20	COM	Comae Berenicids	277.40	169.50	26.60	0.00	0.00	63.06	11.91	0.54	0.96	266.10	277.40	135.30
20	COM	Comae Berenicids	262.20	156.10	32.70	0.00	0.00	62.30	11.90	0.55	0.95	265.60	262.20	133.80
20	COM	Comae Berenicids	261.70	163.70	39.70	0.00	0.00	64.00	3.76	0.81	0.78	249.00	261.70	138.00
20	COM	Comae Berenicids	274.00	167.00	28.00	0.96	-0.39	63.30	8.58	0.56	0.96	263.50	272.20	135.30
21	AVB	α Virginids	21.70	185.40	9.60	0.00	0.00	16.80	2.58	0.69	0.73	240.40	21.70	4.20
21	AVB	α Virginids	28.90	195.60	-5.30	0.00	0.00	16.60	2.35	0.75	0.68	247.50	28.90	0.70
21	AVB	α Virginids	31.80	195.60	0.70	0.00	0.00	0.00	2.56	0.81	0.68	239.70	31.80	3.10
21	AVB	α Virginids	32.00	203.50	2.90	0.91	-0.36	18.80	2.55	0.74	0.72	247.90	30.00	7.00
22	LMI	Leonis Minorids	209.00	159.50	36.70	1.42	-0.36	61.90	286.00	0.62	1.00	102.73	208.36	125.32
22	LMI	Leonis Minorids	209.00	160.70	37.20	0.96	0.08	61.80	33.60	0.64	0.98	106.30	209.90	124.50
22	LMI	Leonis Minorids	209.00	159.90	36.60	1.02	-0.38	61.90	10.60	0.62	0.99	104.30	208.20	125.20
23	EGE	ε Geminids	206.00	101.60	26.70	0.00	0.00	68.80	10.00	0.73	0.93	241.70	209.00	172.90
23	EGE	ε Geminids	206.00	104.80	26.90	0.70	0.00	69.40	26.77	0.77	0.97	237.00	209.70	173.00
23	EGE	ε Geminids	198.00	93.80	28.10	1.13	-0.03	69.60	11.30	0.81	0.96	230.90	198.40	171.20
25	NOA	Northern October δ Arietids	201.70	34.70	20.20	0.00	0.00	36.30	4.05	0.22	0.95	307.00	201.70	12.00
25	NOA	Northern October δ Arietids	205.00	38.60	17.80	1.00	0.31	30.10	1.89	0.27	0.86	305.40	206.10	3.60
26	NDA	Northern δ Aquariids	139.00	344.70	0.40	0.00	0.00	40.50	2.54	0.07	0.97	332.60	139.00	23.00
26	NDA	Northern δ Aquariids	140.70	345.30	0.50	0.75	0.21	39.78	2.80	0.10	0.97	327.40	140.70	19.80
26	NDA	Northern δ Aquariids	139.60	339.60	-4.70	1.00	0.20	42.30	2.62	0.07	0.97	332.60	139.60	20.40
26	NDA	Northern δ Aquariids	138.50	344.90	2.20	0.75	0.28	37.70	1.81	0.10	0.95	329.30	138.60	24.10
26	NDA	Northern δ Aquariids	139.00	345.70	2.30	0.72	0.26	37.30	1.70	0.10	0.94	329.94	139.00	23.40
26	NDA	Northern δ Aquariids	146.50	351.50	4.00	0.00	0.00	38.10	2.08	0.10	0.95	328.00	146.50	21.10
26	NDA	Northern δ Aquariids	141.00	347.60	2.10	0.91	0.39	38.40	1.97	0.09	0.96	330.70	140.80	22.30
27	KSE	κ Serpentids	15.70	230.60	17.80	0.00	0.00	45.00	0.45	0.45	0.00	275.00	15.70	65.00
27	KSE	κ Serpentids	15.70	232.60	15.40	0.00	0.00	45.01	41.70	0.42	0.99	279.90	16.50	63.00
27	KSE	κ Serpentids	20.00	240.20	16.80	0.81	-0.20	46.70	7.90	0.49	0.97	273.40	20.10	72.50
28	SOA	Southern October δ Arietids	198.50	33.10	10.60	0.00	0.00	25.60	1.43	0.33	0.77	122.50	18.50	2.90
28	SOA	Southern October δ Arietids	196.00	32.00	8.50	0.95	0.34	29.00	1.75	0.29	0.83	124.60	15.40	5.70
31	ETA	η Aquariids	46.90	336.90	-1.50	0.76	0.42	65.90	16.16	0.58	0.96	97.90	44.44	163.90
31	ETA	η Aquariids	45.60	339.00	-1.40	0.73	0.31	65.00	11.60	0.55	0.95	91.90	45.60	165.10
31	ETA	η Aquariids	46.90	338.02	-1.75	0.89	0.46	0.00	29.80	0.61	0.98	101.50	45.79	165.50
31	ETA	η Aquariids	45.50	338.00	-0.70	0.69	0.33	64.60	7.07	0.54	0.92	91.60	45.10	162.90
31	ETA	η Aquariids	46.30	338.30	-0.80	0.62	0.29	65.40	20.88	0.66	0.97	107.90	58.10	166.10
31	ETA	η Aquariids	58.10	347.20	2.10	0.00	0.00	66.90	20.88	0.66	0.97	107.90	58.10	166.10
31	ETA	η Aquariids	46.00	338.10	-0.80	0.92	0.37	65.70	7.41	0.59	0.96	98.40	46.20	163.60
32	DLM	December Leonis Minorids	262.20	156.10	32.70	0.00	0.00	62.30	11.90	0.55	0.95	265.60	262.20	133.80
32	DLM	December Leonis Minorids	261.70	163.70	39.70	0.00	0.00	64.00	3.76	0.81	0.78	249.00	261.70	138.00
33	NIA	Northern ι Aquariids	147.70	328.40	-5.60	1.03	0.13	31.20	1.63	0.26	0.84	308.00	147.70	5.00
33	NIA	Northern ι Aquariids	145.10	328.00	-4.70	0.90	0.18	27.60	2.42	0.36	0.85	297.40	145.10	7.40
33	NIA	Northern ι Aquariids	159.50	356.00	3.00	0.80	0.33	28.60	1.52	0.27	0.83	309.00	158.80	5.70
33	NIA	Northern ι Aquariids	159.00	355.40	3.40	0.84	0.39	28.70	1.57	0.27	0.83	308.07	159.00	6.90
33	NIA	Northern ι Aquariids	148.00	346.70	-1.20	0.92	0.39	31.30	1.76	0.23	0.87	310.50	147.80	5.90
34	DSE	δ Serpentids	323.00	237.00	9.60	0.00	0.00	65.00	9.23	0.99	0.89	184.70	324.10	130.50
38	CUR	ξ Ursae Majorids	358.00	175.40	30.10	0.00	0.00	18.90	2.90	0.80	0.72	238.50	358.00	12.60
39	NAL	Northern α Leonids	349.00	158.70	31.00	0.40	0.00	11.10	2.02	0.91	0.55	43.30	173.90	6.90
40	ZCY	ζ Cygnids	20.00	303.80	44.80	0.00	0.00	39.00	3.86	0.90	0.77	139.80	19.20	66.40
40	ZCY	ζ Cygnids	32.00	309.50	42.50	0.64	0.26	43.00	3.93	0.90	0.78	140.50	31.50	74.90
43	ZSE	ζ Serpentids	0.10	266.30	-6.30	0.00	0.00	67.42	4.77	0.98	0.79	193.10	0.10	150.00
43	ZSE	ζ Serpentids	12.20	273.70	-6.60	0.00	0.00	67.58	6.36	0.95	0.85	207.90	12.20	150.30
45	PDF	φ Draconids	8.00	267.10	69.40	0.00	0.00	22.90	3.02	0.99	0.67	179.30	8.30	36.30
45	PDF	φ Draconids	7.00	269.50	65.90	0.03	0.00	23.40	2.66	1.00	0.63	178.10	7.20	38.40
46	BCR	β Craterids	13.50	176.80	-26.90	0.00	0.00	22.60	2.72	0.68	0.75	75.60	191.70	17.60
46	BCR	β Craterids	13.50	176.50	-28.30	0.00	0.00	21.00	2.80	0.73	0.74	68.10	196.60	16.50
47	DLI	μ Virginids	39.00	226.80	-8.70	0.00	0.00	28.30	2.53	0.42	0.83	286.50	38.30	9.10
49	LVI	λ Virginids	20.00	210.70	-10.20	0.00	0.00	26.80	2.63	0.34	0.87	295.00	20.20	2.00
52	OUM	ω Ursae Majorids	62.00	174.70	66.70	0.00	0.00	27.10	2.93	1.02	0.65	170.50	66.30	16.70
55	ASC	α Scorpiids	55.20	247.00	-28.80	0.73	-0.07	31.00	2.64	0.33	0.88	116.50	236.80	9.80
55	ASC	α Scorpiids	55.20	240.70	-22.10	0.50	-0.19	35.00	2.15	0.21	0.90	134.00	222.70	3.00
61	TAH	τ Herculids	72.00	228.50	39.80	-0.10	0.90	15.00	2.69	0.97	0.64	204.20	72.60	18.60
63	COR	Corvids	86.00	205.80	0.20	0.92	-0.36	8.70	2.35	1.00	0.57	193.70	91.80	2.60
65	GDE	γ Delphinids	80.40	342.30	12.20	0.00	0.00	55.70	1.04	0.77	0.26	280.10	87.00	143.00
66	NSC	Northern ω Scorpiids	70.00	248.10	-15.30	0.00	0.00	19.60	2.12	0.66	0.69	261.40	73.60	4.10
67	NSA	Northern μ Sagittariids	78.00	271.90	-17.30	0.73	0.07	22.90	2.39	0.57	0.76	271.20	91.70	4.50
69	SSG	Southern μ Sagittariids	78.00	276.40	-27.50	0.73	0.07	19.60	2.14	0.65	0.70	84.30	279.40	2.60
69	SSG	Southern μ Sagittariids	86.00	273.20	-29.50	1.14	0.03	25.10	2.02	0.46	0.77	104.50	266.40	6.00
76	KAQ	κ Aquariids	179.00	334.00	-13.80	0.00	0.00	12.80	2.56	0.88	0.66	45.20	359.80	1.00
76	KAQ	κ Aquariids	179.00	342.30	-2.50	0.80	0.40	15.30	2.94	0.87	0.71	229.20	186.60	2.10
83	OCG	October Cygnids	206.00	317.80	52.60	0.00	0.00	17.20	2.76	0.98	0.65	198.60	195.90	25.00
86	OGC	October γ Cetids	206.40	50.40	-6.90	0.00	0.00	3.30	0.95	0.83	0.12	119.30	26.70	2.70
88	ODR	ο Draconids	115.50	285.00	61.30	0.00	0.00	28.60	4.33	1.01	0.77	192.20	115.50	46.20
88	ODR	ο Draconids	110.00	259.30	55.80	0.34	-0.07	19.60	2.78	1.01	0.64	188.20	104.40	30.30
89	PVI	January π Virginids	295.00	179.00	9.00	0.00	0.00	64.60	12.60	0.40	0.97	283.00	295.20	160.60
90	JCO	January Comae Berenicids	301.00	188.90	16.80	1.30	-0.30	63.90	0.51	0.51	0.00	267.80	300.50	137.30
91	JZA	January ζ Aurigids	292.00	70.30	60.10	0.00	0.00	12.10	2.65	0.64	0.76	209.30	299.10	11.60
92	UER	υ Eridanids	295.60	69.30	-29.00	2.12	0.13	10.10	1.89	0.97	0.49	17.40	115.60	12.30
93	VEL	Puppid-Velid II Complex	296.00	152.40	-65.30	0.00	0.00	37.00	2.40	0.93	0.60	33.00	145.70	62.00
93	VEL	Puppid-Velid II Complex	296.00	133.40	-50.20	0.00	0.00	35.00	12.29	0.86	0.93	43.00	143.70	49.90
94	RGE	ρ Geminids	296.30	115.80	24.90	0.00	0.00	23.00	2.96	0.60	0.80	263.00	296.30	3.00
94	RGE	ρ Geminids	300.70	127.80	33.80	0.00	0.00	20.10	1.83	0.60	0.67	268.50	300.70	9.50
94	RGE	ρ Geminids	302.10	110.80	28.90	1.10	-0.20	0.00	2.66	0.77	0.71	243.40	302.10	3.50
96	NCC	Northern δ Cancrids	300.20	134.20	14.10	1.10	0.00	26.70	1.61	0.37	0.77	116.70	297.10	0.30
96	NCC	Northern δ Cancrids	296.30	126.60	19.50	0.90	-0.20	26.20	2.27	0.45	0.80	282.90	297.10	0.30
96	NCC	Northern δ Cancrids	292.90	124.80	20.80	0.00	0.00	25.80	1.90	0.43	0.78	287.90	292.90	1.20
96	NCC	Northern δ Cancrids	297.10	130.70	19.70	0.00	0.00	26.40	1.83	0.40	0.78	291.30	120.20	4.90
96	NCC	Northern δ Cancrids	296.00	127.60	21.50	1.04	-0.25	27.20	2.23	0.41	0.81	286.60	290.00	2.70
97	SCC	Southern δ Cancrids	296.30	134.10	10.10	0.00	0.00	26.80	2.11	0.48	761.00	100.70	126.90	6.30
97	SCC	Southern δ Cancrids	296.30	118.20	7.70	0.00	0.00	24.00	3.03	0.58	0.81	84.70	120.60	9.90
97	SCC	Southern δ Cancrids	296.00	125.00	14.40	1.00	-0.23	27.00	2.26	0.43	0.81	105.00	109.30	4.70
98	ECO	ε Columbids	307.10	82.40	-34.70	0.76	0.02	16.60	2.96	0.94	0.68	26.00	114.10	21.60
99	JSC	Daytime Scutids	280.40	278.20	-7.80	0.00	0.00	24.10	2.41	0.55	0.77	89.40	280.40	12.40
100	XSA	Daytime ξ Sagittariids	304.90	284.80	-18.60	0.00	0.00	26.30	1.74	0.38	0.78	66.60	296.00	4.30
100	XSA	Daytime ξ Sagittariids	304.90	283.20	-21.90	0.00	0.00	24.40	1.08	0.28	0.74	46.90	304.90	1.10
101	PIH	π Hydrids	317.10	210.30	-23.00	1.30	-0.40	70.70	32.80	0.89	0.97	36.20	137.10	162.20
102	ACE	α Centaurids	319.40	212.10	-59.40	1.90	-0.50	58.20	0.98	0.98	0.00	348.90	138.90	107.00
103	TCE	Centaurid II Complex	321.00	217.80	-43.70	1.10	-0.40	64.60	0.92	0.92	0.00	31.30	150.70	131.80
103	TCE	Centaurid II Complex	321.00	202.80	-48.30	0.00	0.00	59.00	4.58	0.87	0.81	43.00	146.70	114.70
103	TCE	Centaurid II Complex	321.00	218.80	-35.20	0.00	0.00	63.00	1.77	0.92	0.48	39.00	144.70	145.40
104	GBO	γ Bootids	321.00	222.40	39.10	1.06	-0.42	50.30	0.85	0.85	0.00	221.00	321.00	85.50
105	OCN	Centaurid I Complex	323.40	174.60	-55.40	0.90	-0.40	51.40	999.99	0.88	1.00	39.30	142.90	88.30
105	OCN	Centaurid I Complex	323.40	174.30	-55.30	0.00	0.00	45.50	0.84	0.84	0.00	50.70	142.90	82.50
105	OCN	Centaurid I Complex	323.40	160.50	-63.30	0.00	0.00	41.50	2.72	0.98	0.64	7.00	122.70	74.30
105	OCN	Centaurid I Complex	323.40	156.40	-65.30	0.00	0.00	38.40	2.38	0.98	0.59	0.00	119.70	70.00
106	API	α Pictorids	325.70	110.10	-65.10	0.00	0.00	30.00	8.91	0.98	0.89	12.00	145.70	47.20
106	API	α Pictorids	325.70	98.50	-76.00	0.00	0.00	28.90	2.97	0.98	0.67	354.00	145.70	48.40
106	API	α Pictorids	324.00	112.10	-64.10	0.00	0.00	31.00	10.78	0.97	0.91	14.00	144.00	47.80
107	DCH	δ Chamaeleontids	324.70	254.40	-86.10	0.00	0.00	42.60	13.57	0.95	0.93	330.00	144.70	42.60
107	DCH	δ Chamaeleontids	325.70	179.60	-83.30	0.00	0.00	34.20	1.66	0.93	0.44	340.00	145.70	34.20
107	DCH	δ Chamaeleontids	325.70	208.30	-78.20	0.00	0.00	42.00	2.35	0.94	0.60	338.00	145.70	42.00
108	BTU	β Tucanids	358.00	49.60	-77.80	0.00	0.00	36.30	7.54	0.98	0.87	346.00	178.00	58.30
108	BTU	β Tucanids	358.70	50.30	-80.80	0.00	0.00	32.10	2.09	0.98	0.53	347.00	178.70	55.30
109	ACN	α Carinids	311.20	100.70	-54.80	0.04	-0.60	21.70	2.50	0.97	0.61	17.70	131.20	34.20
110	AAN	α Antliids	313.10	162.10	-13.30	0.68	-0.16	42.70	1.79	0.14	0.92	141.90	133.10	64.30
110	AAN	α Antliids	315.50	162.70	-12.60	0.84	-0.36	44.75	2.47	0.14	0.94	140.50	135.50	63.50
110	AAN	α Antliids	312.00	160.70	-12.30	0.74	-0.36	43.25	1.94	0.14	0.93	141.99	132.00	64.30
110	AAN	α Antliids	312.00	157.20	-9.50	0.89	-0.37	45.00	3.57	0.14	0.97	138.30	133.40	58.60
112	NDL	Northern δ Leonids	331.40	155.10	17.90	0.00	0.00	20.60	1.95	0.61	0.69	266.40	331.40	4.80
112	NDL	Northern δ Leonids	338.80	159.70	18.80	0.00	0.00	20.10	2.62	0.64	0.75	259.00	338.80	6.20
113	SDL	Southern δ Leonids	326.40	137.70	17.80	0.00	0.00	17.40	2.18	0.73	0.67	69.00	146.40	4.30
113	SDL	Southern δ Leonids	314.70	136.10	7.20	0.00	0.00	20.90	2.47	0.70	0.72	91.30	134.50	6.40
113	SDL	Southern δ Leonids	334.70	148.60	18.60	0.00	0.00	17.30	1.95	0.80	0.59	237.20	334.70	9.80
114	DXC	Daytime χ Capricornids	311.30	321.40	6.00	0.00	0.00	18.50	3.10	0.76	0.76	118.20	311.30	10.50
115	DCS	Daytime Capricornids-Sagittariids	325.10	315.00	-23.30	0.00	0.00	26.80	1.68	0.35	0.79	242.50	145.10	6.80
115	DCS	Daytime Capricornids-Sagittariids	324.10	316.70	-20.80	0.00	0.00	28.90	2.00	0.36	0.82	246.00	144.70	4.50
115	DCS	Daytime Capricornids-Sagittariids	323.70	308.70	-20.80	0.00	0.00	28.90	1.50	0.28	0.81	234.00	143.70	2.00
115	DCS	Daytime Capricornids-Sagittariids	309.10	299.60	-14.20	0.00	0.00	25.10	1.71	0.42	0.76	69.80	309.10	6.20
115	DCS	Daytime Capricornids-Sagittariids	315.50	299.80	-15.30	0.00	0.00	29.40	1.99	0.31	0.84	60.00	314.00	6.80
116	DEQ	Daytime ε Aquariids	315.10	310.20	-6.80	0.00	0.00	23.10	2.00	0.53	0.74	84.80	315.10	8.80
117	DCQ	Daytime c Aquariids	324.70	346.70	-23.70	0.00	0.00	14.10	2.16	0.82	0.62	299.00	144.70	2.10
118	GNO	γ Normids	358.70	263.10	-56.00	0.00	0.00	58.90	2.58	0.98	0.62	13.00	178.70	121.60
118	GNO	γ Normids	359.70	252.00	-42.70	0.00	0.00	56.80	1.16	0.66	0.43	95.90	179.70	137.40
118	GNO	γ Normids	359.70	254.00	-41.20	0.00	0.00	64.00	3.04	0.85	0.72	49.00	179.70	145.40
118	GNO	γ Normids	353.00	251.60	-51.30	1.30	-0.10	65.70	0.98	0.98	0.00	15.50	173.10	130.90
118	GNO	γ Normids	352.70	250.00	-51.10	1.30	-0.10	56.00	0.89	0.89	0.00	0.00	172.70	133.00
119	LCE	λ Centaurids	359.00	173.70	-59.50	0.00	0.00	38.40	7.60	0.76	0.90	58.00	178.70	59.30
120	DPA	δ Pavonids	11.10	309.10	-62.80	1.40	0.20	58.00	164.00	0.96	0.99	337.00	191.10	108.00
121	NHY	ν Hydrids	343.10	159.10	-12.20	0.00	0.00	19.70	1.62	0.63	0.61	88.40	163.10	12.50
121	NHY	ν Hydrids	4.60	158.60	-11.30	0.00	0.00	19.30	2.52	0.72	0.71	70.80	184.60	9.60
121	NHY	ν Hydrids	343.10	162.00	6.80	0.00	0.00	20.90	2.14	0.63	0.71	84.70	163.00	0.50
121	NHY	ν Hydrids	358.70	159.60	-5.30	0.00	0.00	20.10	8.33	0.75	0.91	62.00	178.70	7.30
122	APX	α Pyxidids	345.90	135.50	-35.20	0.00	0.00	25.90	0.85	0.85	0.00	62.00	166.10	30.10
123	NVI	Northern March Virginids	358.00	185.70	2.30	0.00	0.00	23.00	1.69	0.50	0.71	282.40	358.00	3.70
123	NVI	Northern March Virginids	353.50	174.30	8.70	0.90	0.40	23.00	1.95	0.73	0.63	252.70	353.50	3.70
124	SVI	Southern March Virginids	2.00	179.70	-8.50	0.00	0.00	22.90	2.16	0.56	0.74	91.20	182.00	6.10
124	SVI	Southern March Virginids	355.70	172.60	2.70	0.00	0.00	20.00	1.95	0.64	0.67	83.00	175.70	0.10
125	SAL	Southern α Leonids	358.80	141.80	-7.00	1.10	0.00	11.90	2.02	0.91	0.55	221.80	358.80	6.90
126	SGE	March δ Geminids	1.00	114.50	12.20	0.00	0.00	8.00	1.66	0.94	0.43	32.80	152.90	2.10
127	MCA	March Cassiopeiids	345.20	352.80	52.30	1.16	-0.10	14.50	2.40	0.93	0.61	146.50	345.20	14.80
127	MCA	March Cassiopeiids	350.50	0.20	50.90	0.00	0.00	13.40	2.32	0.93	0.60	146.30	350.50	15.20
127	MCA	March Cassiopeiids	349.70	4.70	48.30	0.00	0.00	13.60	2.57	0.93	0.64	148.80	349.70	14.30
128	MKA	Daytime κ Aquariids	359.70	338.70	-7.70	0.00	0.00	33.20	1.64	0.18	0.89	42.00	359.70	1.80
128	MKA	Daytime κ Aquariids	354.40	340.20	-7.30	0.00	0.00	29.80	2.13	0.30	0.86	59.70	354.40	2.50
129	QPE	Daytime q Pegasids	354.50	352.30	12.90	0.00	0.00	21.70	2.94	0.62	0.79	101.30	354.50	9.70
130	DME	δ Mensids	356.70	58.00	-80.00	0.00	0.00	33.00	3.20	0.98	0.69	345.60	177.10	56.10
131	DAL	δ Aquilids	23.00	310.60	-0.20	1.50	-0.20	66.20	75.00	0.72	0.99	116.10	23.00	146.60
133	PUM	April ψ Ursae Majorids	22.20	188.60	58.70	0.00	0.00	10.00	1.81	0.98	0.45	203.00	22.20	14.00
133	PUM	April ψ Ursae Majorids	27.10	117.00	52.90	0.00	0.00	8.40	2.29	1.00	0.56	174.60	27.10	6.80
133	PUM	April ψ Ursae Majorids	28.90	153.20	58.60	0.00	0.00	8.60	1.86	0.99	0.47	183.50	28.90	9.40
133	PUM	April ψ Ursae Majorids	27.30	157.80	55.70	0.00	0.00	10.60	2.67	0.91	0.66	187.10	27.30	11.00
134	NGV	Northern γ Virginids	24.30	180.60	17.70	0.00	0.00	11.70	2.25	0.91	0.60	221.70	24.30	5.20
135	SGV	Southern γ Virginids	22.70	183.20	-15.50	0.00	0.00	13.90	2.26	0.87	0.62	50.00	212.70	5.00
136	SLE	σ Leonids	8.70	192.60	3.10	0.00	0.00	23.00	2.14	0.56	0.74	271.90	8.70	6.20
136	SLE	σ Leonids	13.70	200.70	-6.30	0.00	0.00	0.00	1.53	0.48	0.69	286.00	13.70	1.90
137	PPU	π Puppids	33.60	110.40	-45.10	0.40	-0.10	15.00	2.97	1.00	0.66	359.00	33.64	21.00
138	ABO	α Bootids	36.70	218.80	14.50	0.00	0.00	20.90	2.70	0.76	0.72	258.80	29.20	19.10
138	ABO	α Bootids	36.70	218.60	18.80	0.70	0.20	20.00	2.65	0.75	0.72	246.90	36.90	18.00
139	GLI	γ Librids	39.00	223.90	-12.80	0.00	0.00	26.00	0.93	0.19	0.79	326.70	15.90	5.80
140	XLI	April χ Librids	39.00	236.30	-18.90	0.00	0.00	34.20	1.27	0.10	0.92	332.00	28.60	2.70
141	DCP	Daytime χ Piscids	19.20	19.60	21.00	0.00	0.00	18.00	2.12	0.70	0.67	103.90	19.10	6.60
142	MDR	μ Draconids	29.20	281.00	57.90	0.00	0.00	28.20	2.36	1.00	0.58	172.60	19.90	48.10
143	LPE	Daytime λ Pegasids	29.70	343.50	19.90	0.00	0.00	38.40	1.42	0.21	0.85	44.00	29.70	61.00
144	APS	Daytime April Piscids	30.30	7.60	3.30	0.00	0.00	28.90	1.32	0.22	0.83	45.00	30.70	0.50
144	APS	Daytime April Piscids	24.50	3.80	5.50	0.90	0.39	28.90	1.51	0.26	0.83	50.10	24.70	4.70
144	APS	Daytime April Piscids	26.00	4.90	5.50	0.94	0.42	29.20	1.53	0.25	0.84	49.49	26.00	4.50
145	ELY	η Lyrids	49.10	292.50	39.70	0.00	0.00	45.30	6.03	0.99	0.83	190.00	45.70	79.40
145	ELY	η Lyrids	49.00	289.90	43.40	0.56	0.14	43.70	21.42	1.00	0.95	192.30	50.10	74.10
146	CAU	β Coronae Australids	54.70	285.10	-39.90	1.10	0.00	56.40	12.10	0.22	0.98	125.30	234.70	121.70
147	PAQ	φ Aquariids	60.00	350.90	-3.50	0.00	0.00	64.00	2.78	0.56	0.80	270.40	239.70	174.10
148	MLV	May λ Virginids	45.00	217.70	-31.20	0.00	0.00	25.60	3.23	0.55	0.83	90.50	223.40	13.30
149	NOP	Northern May Ophiuchids	58.30	254.10	-16.40	0.00	0.00	28.50	1.52	0.30	0.80	305.00	58.00	8.10
150	SOP	Southern May Ophiuchids	65.20	257.90	-26.60	0.00	0.00	27.50	1.67	0.33	0.79	120.80	244.40	4.30
151	EAU	ε Aquilids	59.00	284.90	15.60	0.00	0.00	30.80	0.87	0.35	0.59	318.30	59.50	59.60
151	EAU	ε Aquilids	63.00	294.10	20.40	0.78	0.17	31.50	0.82	0.41	0.51	322.80	62.50	64.60
152	NOC	Northern Daytime ω Cetids	47.80	2.30	17.80	0.00	0.00	33.00	0.97	0.11	0.89	25.60	47.80	42.00
152	NOC	Northern Daytime ω Cetids	64.40	37.70	20.00	1.70	0.00	38.80	2.44	0.17	0.93	42.60	64.40	10.20
152	NOC	Northern Daytime ω Cetids	45.50	9.00	17.30	0.95	0.36	36.80	1.58	0.12	0.93	33.10	45.10	34.20
153	OCE	Southern Daytime ω Cetids	48.60	22.50	-3.60	0.00	0.00	36.60	1.62	0.12	0.92	213.90	228.60	32.60
153	OCE	Southern Daytime ω Cetids	45.00	19.00	-7.00	0.80	0.38	36.50	1.58	0.13	0.92	214.90	225.00	37.10
153	OCE	Southern Daytime ω Cetids	45.50	20.50	-6.10	0.93	0.44	36.90	1.72	0.14	0.92	216.40	225.20	35.60
154	DEA	Daytime ε Arietids	48.10	44.70	21.20	0.00	0.00	20.60	2.03	0.59	0.71	90.00	48.10	2.80
154	DEA	Daytime ε Arietids	63.00	59.50	23.80	1.20	0.00	21.00	2.08	0.60	0.71	89.50	63.00	2.70
155	NMA	Northern Daytime May Arietids	55.00	37.20	18.10	0.00	0.00	25.20	1.53	0.33	0.78	60.80	55.00	3.40
155	NMA	Northern Daytime May Arietids	62.80	47.20	19.30	1.00	0.00	24.40	1.56	0.39	0.75	64.80	62.80	2.90
156	SMA	Southern Daytime May Arietids	52.70	33.70	9.20	0.00	0.00	28.90	1.68	0.27	0.84	233.00	232.70	5.00
156	SMA	Southern Daytime May Arietids	62.60	48.50	8.30	1.90	-1.20	31.80	3.23	0.36	0.89	243.70	242.60	12.50
156	SMA	Southern Daytime May Arietids	47.10	28.40	7.70	0.92	0.32	28.30	1.51	0.27	0.82	231.70	227.10	5.10
157	ICA	ι Cassiopeiids	62.00	43.10	69.20	0.00	0.00	19.10	2.26	0.86	0.62	128.10	56.70	24.60
161	SSC	Southern ω Scorpiids	70.00	243.70	-22.10	0.90	-0.10	23.00	2.85	0.69	0.76	74.70	250.00	1.70
164	NZC	Northern June Aquilids	86.00	298.30	-7.10	0.00	0.00	36.30	1.35	0.11	0.92	329.50	86.50	39.30
164	NZC	Northern June Aquilids	101.50	310.40	-4.90	0.83	0.16	38.40	1.71	0.11	0.94	327.70	101.30	39.40
164	NZC	Northern June Aquilids	108.09	315.35	-3.07	0.00	0.00	38.33	2.11	0.12	0.94	324.60	108.09	37.60
164	NZC	Northern June Aquilids	101.00	309.70	-5.30	0.95	0.26	38.30	1.79	0.11	0.94	326.90	101.70	38.80
165	SZC	Southern June Aquilids	80.00	297.80	-33.90	0.00	0.00	33.20	1.15	0.11	0.90	152.00	259.70	33.50
165	SZC	Southern June Aquilids	80.50	304.70	-32.80	0.02	0.30	38.60	1.12	0.06	0.94	158.60	260.40	56.00
165	SZC	Southern June Aquilids	104.00	319.30	-27.60	1.05	0.30	39.20	2.00	0.11	0.95	148.20	282.80	36.10
167	NSS	Northern σ Sagittariids	92.30	293.10	-14.00	0.00	0.00	23.20	1.13	0.33	0.71	309.40	92.30	8.20
167	NSS	Northern σ Sagittariids	86.60	278.40	-20.00	1.30	0.00	26.50	1.72	0.38	0.78	296.60	86.60	4.50
168	SSS	Southern σ Sagittariids	87.00	278.60	-25.30	0.00	0.00	29.30	2.59	0.36	0.86	113.60	267.40	2.80
169	SCU	Scutids	94.90	281.70	0.90	0.00	0.00	18.90	1.36	0.60	0.56	278.80	95.60	13.70
171	ARI	Daytime Arietids	76.70	40.20	23.80	0.00	0.00	35.70	1.38	0.09	0.94	25.90	77.60	25.00
171	ARI	Daytime Arietids	76.70	44.10	24.10	0.70	0.60	37.00	1.61	0.09	0.94	29.00	77.50	21.00
171	ARI	Daytime Arietids	74.50	41.70	23.60	0.60	0.19	39.10	2.02	0.08	0.96	28.70	75.00	24.80
171	ARI	Daytime Arietids	77.00	43.90	24.40	1.05	0.28	41.10	2.67	0.08	0.97	28.70	79.10	27.70
172	ZPE	Daytime ζ Perseids	78.60	64.50	27.50	0.00	0.00	25.10	1.49	0.36	0.76	60.50	81.50	6.50
172	ZPE	Daytime ζ Perseids	78.60	63.80	27.10	1.10	0.40	28.80	2.33	0.35	0.85	61.00	77.00	8.00
172	ZPE	Daytime ζ Perseids	74.50	67.40	23.40	1.00	0.20	26.40	1.55	0.34	0.78	58.40	75.00	3.80
173	BTA	Daytime β Taurids	96.70	84.90	23.50	0.00	0.00	29.00	1.65	0.27	0.83	52.30	102.70	0.30
173	BTA	Daytime β Taurids	96.70	87.60	19.00	0.80	0.40	30.00	2.20	0.34	0.85	246.00	276.40	6.00
173	BTA	Daytime β Taurids	96.70	87.30	19.30	0.80	0.40	31.40	2.20	0.34	0.85	224.00	278.10	6.00
173	BTA	Daytime β Taurids	93.50	82.00	20.00	0.89	0.04	27.40	1.66	0.33	0.80	238.30	277.00	3.60
174	TAS	Daytime θ Aurigids	96.00	93.30	31.30	0.00	0.00	15.80	1.32	0.63	0.52	83.60	96.00	4.40
175	JPE	July Pegasids	107.50	340.00	15.00	0.60	0.20	61.30	44.00	0.54	0.99	267.20	107.50	131.60
175	JPE	July Pegasids	110.90	349.60	11.30	0.71	0.17	63.90	14.78	0.56	0.96	264.73	110.90	148.77
175	JPE	July Pegasids	109.00	348.80	11.10	0.00	0.00	64.50	5.11	0.60	0.88	260.50	109.10	149.30
175	JPE	July Pegasids	120.80	358.60	14.20	0.00	0.00	62.60	5.46	0.52	0.90	273.80	120.80	150.00
175	JPE	July Pegasids	120.50	357.10	13.30	0.00	0.00	62.31	6.21	0.48	0.92	275.20	120.50	149.40
175	JPE	July Pegasids	108.00	347.20	10.00	0.90	0.39	64.00	7.26	0.56	0.96	265.00	112.40	149.20
176	PHE	July Phoenicids	110.30	31.60	-47.70	1.04	0.53	47.00	2.50	0.96	0.62	31.00	290.30	82.00
176	PHE	July Phoenicids	110.30	31.60	-47.70	1.04	0.53	47.00	999.99	0.97	1.00	24.00	290.30	87.00
177	BCA	β Cassiopeiids	126.60	352.90	58.80	1.04	0.20	50.40	18.19	0.99	0.95	192.10	125.50	89.10
179	SCA	σ Capricornids	110.00	311.10	-14.50	0.00	0.00	26.90	1.31	0.27	0.79	311.20	110.20	4.50
179	SCA	σ Capricornids	118.00	319.50	-10.90	0.97	0.31	34.10	2.10	0.19	0.91	314.80	111.80	8.40
180	MSE	μ Serpentids	114.00	240.00	11.00	0.00	0.00	7.70	1.88	0.99	0.47	0.00	0.00	4.10
181	KPA	κ Pavonids	114.80	282.30	-66.90	0.00	0.00	18.90	3.20	0.87	0.73	48.10	294.80	21.30
183	PAU	Piscis Austrinids	123.70	340.70	-25.70	0.90	0.40	40.50	4.31	0.17	0.96	114.00	303.70	45.00
183	PAU	Piscis Austrinids	126.50	347.90	-23.70	0.89	0.16	44.10	3.12	0.12	0.96	142.80	306.20	64.10
183	PAU	Piscis Austrinids	136.00	352.50	-20.50	0.94	0.40	43.80	5.66	0.14	0.98	139.10	315.30	53.10
184	GDR	July γ Draconids	125.30	279.62	50.41	-0.24	0.07	27.54	34.93	0.98	0.97	202.41	124.66	40.24
184	GDR	July γ Draconids	124.00	280.10	50.30	0.45	0.07	27.50	16.42	0.98	0.97	202.50	124.70	40.30
185	DBA	Daytime β Andromedids	100.50	15.00	37.50	0.00	0.00	26.00	0.60	0.14	0.77	8.90	100.50	59.40
186	EUM	ε Ursae Majorids	106.00	192.50	61.70	0.00	0.00	15.20	2.99	0.98	0.67	156.30	105.80	20.00
186	EUM	ε Ursae Majorids	89.00	233.30	53.90	0.48	-0.24	15.20	2.63	1.01	0.62	185.50	89.40	22.10
187	PCA	ψ Cassiopeiids	114.40	29.40	71.50	0.00	0.00	40.30	2.48	0.82	0.67	121.20	114.40	72.10
187	PCA	ψ Cassiopeiids	117.50	11.90	65.40	1.22	0.43	44.00	2.14	0.93	0.56	140.80	117.70	82.90
187	PCA	ψ Cassiopeiids	119.00	36.80	72.20	1.68	0.32	42.00	4.07	0.83	0.80	125.00	119.30	74.00
188	XRI	Daytime ξ Orionids	121.90	94.40	15.00	0.00	0.00	44.00	8.33	0.08	0.99	211.60	301.90	32.80
188	XRI	Daytime ξ Orionids	117.70	98.70	16.00	0.00	0.00	38.40	5.18	0.18	0.97	228.00	297.70	16.00
188	XRI	Daytime ξ Orionids	131.50	102.90	16.60	0.90	-0.40	45.40	7.00	0.05	0.99	204.10	311.30	33.20
189	DMC	Daytime μ Cancrids	126.00	122.70	22.40	0.00	0.00	24.30	1.72	0.44	0.74	71.00	128.00	2.10
189	DMC	Daytime μ Cancrids	126.00	108.40	24.80	1.00	0.00	31.10	2.50	0.25	0.90	53.20	124.10	5.10
191	ERI	η Eridanids	137.50	45.00	-12.90	0.00	0.00	64.00	20.26	0.96	0.95	26.60	317.49	130.40
191	ERI	η Eridanids	137.00	43.70	-11.90	0.86	0.29	64.50	10.33	0.95	0.94	28.40	317.70	132.70
192	TRI	August Triangulids	139.80	37.50	30.70	0.00	0.00	57.30	1.06	0.89	0.17	264.70	139.80	150.00
193	ZAR	ζ Arietids	146.00	49.70	14.20	0.00	0.00	70.10	17.90	0.97	0.95	19.50	326.70	172.60
194	UCE	υ Cetids	146.00	38.60	-2.80	0.00	0.00	61.00	2.56	0.64	0.75	82.00	325.70	144.00
195	BIN	β Indids	157.30	342.80	-51.70	0.00	0.00	14.10	2.21	0.91	0.59	43.10	345.70	14.90
196	NPH	ν Phoenicids	129.70	20.00	-43.00	0.00	0.00	44.00	3.23	0.67	0.79	76.10	311.80	74.00
197	AUD	August Draconids	142.00	272.50	65.10	0.00	0.00	17.30	1.51	1.01	0.34	185.60	141.90	30.40
197	AUD	August Draconids	143.00	271.70	58.90	0.26	0.01	21.10	2.82	1.01	0.64	188.70	142.60	33.80
198	BHY	β Hydrusids	143.80	36.30	-74.50	0.00	0.00	22.80	3.25	0.97	0.70	27.30	323.80	35.00
199	ADC	August δ Capricornids	146.00	328.70	-16.00	0.00	0.00	21.60	2.41	0.60	0.75	87.30	327.00	2.80
200	ESE	η Serpentids	151.00	287.70	-3.70	0.00	0.00	8.60	1.80	0.96	0.47	213.20	149.50	4.50
201	GDO	γ Doradids	155.70	61.20	-50.20	0.50	0.20	40.10	28.84	0.97	0.97	23.00	335.70	65.60
202	ZCA	Daytime ζ Cancrids	147.00	119.70	19.00	0.00	0.00	43.80	5.00	0.05	0.99	206.50	326.90	21.10
202	ZCA	Daytime ζ Cancrids	160.00	136.10	11.70	0.92	-0.18	42.10	4.64	0.09	0.98	212.57	340.00	16.60
203	GLE	Daytime γ Leonids	148.70	139.90	12.40	0.00	0.00	19.60	1.53	0.57	0.63	262.00	321.80	2.10
204	DXL	Daytime χ Leonids	154.00	142.10	12.80	0.00	0.00	27.40	1.60	0.33	0.79	238.40	334.90	2.50
205	XAU	ξ Aurigids	158.00	93.50	62.60	0.00	0.00	56.90	28.24	0.97	0.97	128.00	157.50	106.40
206	AUR	Aurigids	158.70	89.80	38.70	1.35	0.25	65.70	0.68	0.68	0.00	110.20	158.70	148.50
206	AUR	Aurigids	158.60	85.50	42.00	0.00	0.00	66.30	999.99	0.80	1.00	121.50	158.60	146.40
206	AUR	Aurigids	158.00	90.90	38.60	1.24	-0.01	65.60	13.23	0.66	0.96	107.30	156.20	149.10
207	SCS	September β Cassiopeiids	173.00	33.00	68.90	0.00	0.00	69.10	15.80	0.97	0.94	176.10	172.80	162.40
208	SPE	September ε Perseids	170.00	50.20	39.40	0.00	0.00	64.50	31.10	0.74	0.98	241.90	171.30	138.90
208	SPE	September ε Perseids	168.00	48.60	39.60	1.17	0.26	64.80	8.81	0.72	0.98	245.30	168.20	139.90
211	AOR	September α Orionids	183.00	86.70	9.00	0.00	0.00	62.00	1.52	0.91	0.40	47.00	2.70	152.00
212	KLE	Daytime κ Leonids	180.70	162.70	15.70	0.00	0.00	43.60	48.00	0.11	1.00	39.00	180.70	26.00
212	KLE	Daytime κ Leonids	184.20	162.20	14.00	0.00	-0.20	44.80	17.00	0.17	0.99	31.90	184.20	24.80
212	KLE	Daytime κ Leonids	182.50	161.50	15.40	0.55	-0.26	43.30	5.92	0.09	0.99	32.80	182.60	24.80
212	KLE	Daytime κ Leonids	183.00	162.30	14.90	0.62	-0.30	43.30	6.79	0.09	0.99	33.84	183.00	24.10
213	BRC	β Gruids	160.30	337.00	-47.00	0.00	0.00	21.00	3.16	0.85	0.73	50.80	340.30	16.90
214	BCP	β Capricornids	167.70	305.70	-12.80	0.00	0.00	37.00	2.43	0.17	0.93	43.00	327.70	13.00
215	NPI	Northern δ Piscids	168.30	0.80	3.90	0.00	0.00	27.40	1.87	0.34	0.82	298.50	168.30	3.80
215	NPI	Northern δ Piscids	173.50	9.10	7.20	0.00	0.00	25.60	1.35	0.31	0.77	306.30	173.50	3.50
215	NPI	Northern δ Piscids	173.30	7.00	7.00	0.00	0.00	30.40	1.98	0.27	0.86	305.20	173.30	5.20
215	NPI	Northern δ Piscids	184.00	9.20	7.70	1.07	0.12	31.20	4.83	0.26	0.95	306.60	174.40	5.20
215	NPI	Northern δ Piscids	176.00	10.20	8.60	0.93	0.39	28.00	1.63	0.29	0.82	305.10	172.00	4.90
216	SPI	Southern δ Piscids	184.00	23.60	5.10	0.00	0.00	26.50	1.55	0.25	0.84	130.60	4.00	6.30
216	SPI	Southern δ Piscids	183.00	18.70	5.20	0.70	0.90	28.60	1.64	0.28	0.83	125.70	3.00	5.40
216	SPI	Southern δ Piscids	182.90	20.30	2.70	0.00	-0.70	31.90	2.50	0.27	0.89	123.90	2.90	8.40
216	SPI	Southern δ Piscids	182.90	17.00	-11.00	0.00	0.00	23.60	1.79	0.49	0.73	102.40	2.90	14.60
216	SPI	Southern δ Piscids	176.00	16.20	2.80	0.92	0.38	28.60	1.45	0.25	0.83	132.80	353.90	5.60
217	OPC	ω Piscids	174.00	0.50	-8.80	0.00	0.00	21.40	3.17	0.64	0.80	79.40	3.00	5.70
218	GSA	September γ Sagittariids	170.10	270.80	-31.00	0.00	0.00	6.20	2.01	1.00	0.50	8.00	350.80	1.00
219	SAR	September μ Arietids	179.00	19.30	15.60	1.40	0.00	36.70	3.60	0.18	0.95	312.90	183.30	14.80
219	SAR	September μ Arietids	179.50	28.50	18.60	0.00	0.00	36.30	1.28	0.07	0.95	336.80	179.50	22.90
219	SAR	September μ Arietids	180.20	24.30	19.00	0.00	0.00	31.20	1.17	0.15	0.88	326.60	180.20	17.10
219	SAR	September μ Arietids	178.30	27.10	12.50	0.00	0.00	33.70	1.24	0.09	0.93	333.60	178.30	3.60
220	NDR	ν Draconids	170.30	265.40	59.80	0.00	0.00	20.30	2.56	1.00	0.61	181.40	162.60	32.30
220	NDR	ν Draconids	172.00	267.70	54.00	0.37	-0.02	18.90	2.90	1.00	0.65	182.00	171.70	28.80
221	DSX	Daytime Sextantids	186.10	154.50	-1.50	0.84	-0.43	31.20	1.04	0.15	0.86	212.50	6.10	23.10
221	DSX	Daytime Sextantids	186.50	154.60	-1.40	0.70	-0.51	31.84	1.27	0.18	0.86	219.60	6.20	20.70
221	DSX	Daytime Sextantids	186.00	154.30	-1.00	0.56	-0.54	31.30	1.07	0.15	0.86	212.99	6.00	22.00
221	DSX	Daytime Sextantids	188.00	156.60	-2.40	0.91	-0.37	32.90	1.14	0.15	0.87	214.30	6.40	24.30
222	DDl	Daytime δ Leonids	183.00	172.70	21.20	0.00	0.00	31.10	1.89	0.32	0.83	59.90	182.80	23.20
223	GVI	Daytime γ Virginids	184.00	168.40	3.60	0.00	0.00	23.30	2.04	0.62	0.70	273.20	345.80	0.90
224	DAU	October δ Aurigids	191.00	83.50	50.40	1.10	0.10	64.90	24.10	0.84	0.96	226.70	191.00	130.20
225	SOR	σ Orionids	187.00	87.90	0.50	0.92	0.01	66.20	9.70	0.93	0.92	30.60	9.60	139.70
226	ZTA	ζ Taurids	196.00	86.10	14.70	0.00	0.00	67.20	21.30	0.72	0.97	70.90	16.50	162.40
226	ZTA	ζ Taurids	193.50	71.50	28.20	0.00	0.00	56.50	1.63	0.23	0.86	311.80	193.50	163.10
227	OMO	October Monocerotids	206.00	101.90	-1.40	0.00	0.00	63.50	5.20	0.86	0.83	46.40	25.70	135.00
228	OLY	October Lyncids	206.00	111.30	48.80	0.00	0.00	64.80	9.30	0.93	0.90	211.70	205.80	133.30
229	NAU	ν Aurigids	207.30	87.90	39.60	0.00	0.00	53.10	1.30	0.27	0.79	311.00	208.00	134.30
230	ICS	October ι Cassiopeiids	209.00	36.70	66.00	0.00	0.00	66.30	59.00	0.64	0.99	109.80	208.70	128.50
231	ACM	Daytime α Canis Majorids	204.00	92.10	-14.00	0.00	0.00	58.80	0.81	0.81	0.00	50.90	24.80	110.50
232	BCN	Daytime β Cancrids	213.00	121.70	4.90	0.00	0.00	66.10	2.80	0.93	0.67	325.00	24.70	152.00
233	OCC	October Capricornids	189.30	301.50	-8.70	0.00	0.00	15.00	3.65	0.99	0.73	193.20	189.30	2.80
233	OCC	October Capricornids	203.80	315.00	-14.00	0.00	0.00	15.30	4.26	0.99	0.77	190.80	203.80	0.80
234	EPC	October ε Piscids	195.00	3.40	8.10	0.00	0.00	21.70	2.47	0.60	0.76	265.70	188.20	4.50
235	LCY	λ Cygnids	199.00	338.60	31.30	0.00	0.00	21.20	2.58	0.83	0.68	234.40	189.60	17.80
236	GPS	γ Piscids	200.00	17.70	9.30	0.00	0.00	17.50	2.87	0.87	0.67	224.90	229.80	1.40
237	SSA	σ Arietids	202.00	44.70	14.20	0.00	0.00	40.50	4.46	0.11	0.98	145.00	22.70	7.00
239	GPU	October γ Puppids	202.70	110.10	-44.00	1.74	0.03	39.20	17.80	0.98	0.94	16.10	58.00	71.60
240	DFV	Daytime ψ Virginids	202.00	193.70	-9.60	0.00	0.00	21.10	1.51	0.53	0.65	258.10	22.30	2.60
241	OUI	October Ursae Minorids	208.00	246.60	74.30	1.40	-0.30	30.90	3.98	0.99	0.75	179.10	209.10	51.50
242	XDR	ξ Draconids	210.80	170.30	73.30	0.00	0.00	35.80	1.28	0.99	0.23	175.30	210.80	69.00
243	ZCN	ζ Cancrids	225.00	120.50	14.30	0.00	0.00	63.40	2.98	0.44	0.85	100.70	55.40	166.10
244	PAR	ψ1 Aurigids	227.00	94.00	50.00	0.00	0.00	56.70	6.63	0.44	0.97	277.80	219.30	113.00
245	NHD	November Hydrids	234.80	130.30	-6.30	0.92	0.00	65.50	6.00	0.91	0.85	34.40	54.80	137.60
246	AMO	α Monocerotids	239.30	117.10	0.80	0.00	0.00	63.00	500.00	0.49	1.00	90.66	59.32	134.13
246	AMO	α Monocerotids	239.00	116.80	0.90	0.97	-0.09	63.00	500.00	0.49	1.00	90.70	59.30	134.10
248	IAR	November ι Aurigids	233.60	76.30	33.30	0.00	0.00	34.00	1.08	0.09	0.92	336.30	222.30	30.50
249	NAR	November ν Arietids	241.00	39.00	23.20	0.00	0.00	12.30	1.54	0.79	0.49	246.40	236.18	2.80
250	NOO	November Orionids	245.00	90.60	15.70	0.00	0.00	43.70	0.11	0.11	0.00	140.50	67.00	24.80
250	NOO	November Orionids	245.00	85.20	15.60	0.71	-0.03	43.30	12.70	0.09	0.99	145.80	60.00	26.90
250	NOO	November Orionids	245.50	90.20	15.50	0.74	-0.06	43.50	11.80	0.10	0.99	144.10	65.10	26.60
250	NOO	November Orionids	246.00	90.50	15.30	0.76	-0.04	43.10	12.01	0.11	0.99	142.37	66.00	67.10
250	NOO	November Orionids	247.00	90.60	15.20	1.03	-0.01	42.50	8.36	0.12	0.99	140.40	67.60	24.40
251	IVI	Daytime ι Virginids	223.00	210.40	-3.80	0.00	0.00	29.00	1.22	0.98	0.19	60.70	224.30	10.10
252	ALY	α Lyncids	268.90	138.80	43.80	0.00	0.00	50.40	25.40	0.28	0.99	295.90	268.80	84.40
252	ALY	α Lyncids	272.00	140.40	39.80	1.13	-0.31	49.50	6.78	0.21	0.97	306.40	272.20	84.00
253	CMI	December Canis Minorids	252.00	102.40	14.50	1.02	-0.09	40.20	1.88	0.07	0.96	152.50	72.20	29.20
256	ORN	Northern χ Orionids	257.30	83.90	25.50	0.54	0.00	24.90	2.22	0.45	0.80	283.90	257.30	2.50
256	ORN	Northern χ Orionids	266.00	97.30	25.90	0.00	0.00	28.20	2.25	0.38	0.83	291.10	266.00	3.00
256	ORN	Northern χ Orionids	258.00	83.20	25.70	1.11	0.04	24.70	2.09	0.47	0.78	280.80	255.90	2.20
257	ORS	Southern χ Orionids	260.00	78.70	15.70	0.88	-0.03	21.50	2.23	0.59	0.73	86.40	80.10	5.20
257	ORS	Southern χ Orionids	260.00	80.70	16.80	1.30	0.00	21.50	1.85	0.56	0.70	93.70	79.30	4.60
257	ORS	Southern χ Orionids	257.90	80.90	17.60	0.00	0.00	24.60	2.41	0.51	0.79	95.60	77.90	4.50
257	ORS	Southern χ Orionids	243.00	73.00	17.80	1.04	0.11	27.90	2.16	0.38	0.83	111.30	64.30	5.30
258	DAR	December α Aurigids	262.20	84.90	35.50	0.00	0.00	19.50	2.28	0.67	0.71	257.70	270.00	7.20
260	GTI	γ Triangulids	272.00	43.30	41.60	0.00	0.00	11.30	2.54	0.93	0.64	212.00	273.00	7.10
261	DDC	Daytime δ Scorpiids	254.00	246.60	-26.30	0.00	0.00	25.30	2.38	0.50	0.79	262.60	74.40	4.00
262	KLI	Daytime κ Librids	259.00	231.30	-20.80	0.00	0.00	31.90	1.35	0.19	0.86	221.10	78.80	8.40
263	NAN	ν Andromedids	286.30	20.00	40.00	0.00	0.00	7.70	1.90	0.98	0.49	188.60	286.30	6.20
264	XCE	ξ Cetids	286.30	37.00	8.00	0.00	0.00	7.70	1.99	0.98	0.51	7.80	106.30	1.20
265	JGD	January γ Delphinids	289.40	311.00	18.00	0.00	0.00	14.00	2.41	0.90	0.63	140.00	289.00	12.60
266	ACC	α Cancrids	303.50	135.40	6.30	0.00	0.00	19.30	1.17	0.48	0.59	112.60	124.20	7.20
267	JNO	January ν Orionids	307.90	88.00	12.00	0.00	0.00	12.00	1.87	0.85	0.52	51.70	112.50	4.10
268	BCD	β Cancrids	316.20	119.40	11.00	0.00	0.00	14.60	2.25	0.83	0.63	54.30	139.10	3.90
269	OCS	ω Cassiopeiids	317.50	7.40	66.40	0.00	0.00	9.40	1.87	0.99	0.47	177.90	317.50	12.20
270	FAO	February α Orionids	318.00	88.80	9.40	0.83	-0.11	9.40	2.16	0.95	0.56	22.40	318.00	3.50
271	MLY	March Lyncids	339.40	123.50	50.30	0.00	0.00	9.40	1.97	0.96	0.51	204.10	339.40	7.40
273	PBO	φ Bootids	42.10	217.50	53.70	0.00	0.00	15.10	2.67	1.00	0.63	195.60	53.60	20.80
274	NUM	ν Ursae Majorids	54.40	173.50	45.20	0.00	0.00	9.20	2.22	1.00	0.55	188.30	44.30	9.00
275	CLI	χ Librids	79.70	223.20	-20.40	0.00	0.00	12.20	3.48	0.90	0.74	46.20	255.20	1.30
277	GCA	γ Camelopardalids	109.90	88.70	79.00	0.00	0.00	22.70	1.38	0.76	0.45	100.80	109.90	37.30
278	MSR	July μ Serpendids	112.20	240.80	4.70	0.00	0.00	9.80	2.42	0.99	0.59	201.70	112.20	6.40
279	ZED	July ζ Draconids	115.70	251.60	66.50	0.00	0.00	20.60	2.76	1.02	0.63	176.70	115.70	32.50
280	ADL	δ Librids	141.70	234.50	-2.50	0.00	0.00	7.10	1.95	1.01	0.48	182.80	141.70	2.80
281	OCT	October Camelopardalids	193.00	166.00	79.10	0.00	0.00	46.60	368.00	0.99	1.00	170.60	192.57	78.60
282	DCY	δ Cygnids	200.80	294.60	46.50	0.00	0.00	14.00	2.50	0.99	0.60	191.50	200.80	19.60
283	OPL	π Leonids	218.10	146.00	8.00	0.00	0.00	5.80	0.76	0.51	0.33	189.00	38.10	4.00
284	OMA	ο Ursae Majorids	228.90	115.00	70.00	0.00	0.00	9.40	0.79	0.57	0.29	337.00	229.60	16.10
285	GTA	γ Taurids	232.80	60.00	17.50	0.00	0.00	14.10	1.13	0.63	0.44	101.50	52.80	0.40
286	FTA	ω Taurids	240.20	58.00	16.80	0.00	0.00	21.70	1.79	0.53	0.70	97.40	60.20	3.20
286	FTA	ω Taurids	242.00	65.20	15.10	1.02	0.16	23.30	2.10	0.52	0.75	96.20	62.70	5.10
287	NER	November ε Eridanids	240.80	52.00	-7.00	0.00	0.00	11.10	1.38	0.83	0.40	65.60	60.80	8.40
288	DSA	Southern December δ Arietids	256.50	66.60	15.60	0.00	15.20	15.20	1.90	0.76	0.60	67.00	78.90	2.80
289	DNA	Northern December δ Arietids	256.50	53.00	29.00	0.00	0.00	14.60	1.83	0.77	0.58	247.30	251.10	4.20
319	JLE	January Leonids	282.50	148.30	23.90	0.66	-0.14	52.70	6.30	0.06	0.99	333.70	282.00	109.30
319	JLE	January Leonids	282.00	148.20	23.70	0.70	-0.13	52.30	5.34	0.05	0.99	334.71	282.00	107.90
319	JLE	January Leonids	283.00	147.70	24.10	1.01	-0.34	51.40	5.43	0.05	0.99	335.70	283.40	100.10
320	OSE	ω Serpentids	275.50	242.70	0.50	0.76	0.11	38.90	1.37	0.16	0.88	38.80	275.90	56.50
320	OSE	ω Serpentids	278.76	252.30	-5.80	0.00	0.00	45.00	15.70	0.15	0.99	45.40	278.75	50.30
321	TCB	thη Coronae Borealids	296.50	232.30	35.80	0.70	-0.06	38.66	1.11	0.92	0.17	124.90	296.50	77.00
321	TCB	thη Coronae Borealids	296.00	233.60	34.40	0.30	0.16	37.70	1.04	0.86	0.17	98.20	296.00	76.00
322	LBO	λ Bootids	295.50	219.60	43.20	0.88	-0.69	41.75	1.49	0.96	0.36	206.60	295.40	79.30
322	LBO	λ Bootids	296.00	221.50	42.40	1.04	-0.76	40.70	1.36	0.96	0.29	203.90	296.00	78.30
323	XCB	ξ Coronae Borealids	294.50	244.80	31.10	0.69	-0.11	44.25	2.34	0.82	0.65	124.70	294.50	79.60
323	XCB	ξ Coronae Borealids	295.00	247.00	30.30	0.39	0.11	44.80	2.84	0.80	0.72	123.70	295.00	79.30
323	XCB	ξ Coronae Borealids	296.00	250.90	29.70	0.70	-0.13	45.10	4.25	0.78	0.81	122.70	296.10	78.00
324	EPR	ε Perseids	95.50	58.20	37.90	0.78	0.15	44.80	4.55	0.13	0.97	39.70	96.00	63.00
324	EPR	ε Perseids	88.00	53.80	37.80	1.17	0.23	43.80	9.05	0.17	0.98	46.80	87.90	53.00
325	DLT	Daytime λ Taurids	85.50	56.70	11.50	0.82	0.27	36.40	1.57	0.10	0.93	210.80	1.70	23.20
326	EPG	ε Pegasids	105.50	326.30	14.70	1.50	0.45	29.90	0.76	0.17	0.77	334.90	105.20	55.40
326	EPG	ε Pegasids	109.00	330.20	13.00	0.87	0.35	28.40	0.73	0.14	0.81	337.80	109.30	49.00
327	BEQ	β Equuleids	106.50	321.50	8.70	0.69	-0.28	31.60	0.89	0.16	0.82	330.30	106.20	49.70
327	BEQ	β Equuleids	91.00	305.10	1.10	0.91	0.23	33.20	1.03	0.16	0.85	327.60	84.80	46.50
328	ALA	α Lacertids	105.50	343.00	49.60	0.70	0.37	38.90	1.09	1.00	0.08	217.10	105.30	81.10
328	ALA	α Lacertids	106.00	349.40	54.40	0.82	0.39	37.40	1.07	0.98	0.09	122.20	114.50	77.70
330	SSE	σ Serpentids	275.50	242.80	-0.10	0.75	-0.14	42.30	1.92	0.16	0.92	41.30	275.90	64.00
330	SSE	σ Serpentids	275.00	242.40	-0.10	0.64	0.03	42.67	1.90	0.16	0.92	41.20	275.00	62.40
330	SSE	σ Serpentids	276.00	245.40	-4.80	0.95	-0.16	45.50	4.30	0.12	0.97	39.10	273.30	60.00
331	AHY	α Hydrids	285.50	127.60	-7.90	0.65	-0.17	43.60	12.70	0.29	0.98	115.60	105.00	57.10
331	AHY	α Hydrids	286.00	128.50	-8.60	0.64	-0.12	43.20	8.62	0.29	0.97	115.64	106.00	57.00
331	AHY	α Hydrids	284.00	126.90	-8.70	0.87	-0.24	43.30	7.07	0.30	0.97	114.60	103.20	58.10
333	OCU	October Ursae Majorids	202.00	144.80	64.50	0.00	0.00	54.10	5.90	0.98	0.88	163.70	202.10	99.70
333	OCU	October Ursae Majorids	202.00	145.00	64.80	1.39	-0.33	55.60	12.63	0.98	0.97	165.90	202.20	100.60
334	DAD	December α Draconids	256.00	210.80	58.60	0.58	-0.34	40.80	2.48	0.98	0.60	177.40	254.80	71.80
335	XVI	December χ Virginids	267.00	194.30	-12.00	0.94	-0.39	69.10	6.24	0.66	0.98	290.30	86.50	169.10
336	DKD	December κ Draconids	252.00	187.20	70.20	0.77	-0.39	43.80	10.31	0.93	0.91	208.50	251.50	73.10
337	NUE	ν Eridanids	163.00	61.50	4.30	0.95	0.19	67.10	7.04	0.87	0.92	43.70	53.20	150.70
338	OER	ο Eridanids	232.00	59.90	0.10	0.92	0.20	28.50	3.92	0.50	0.88	94.10	49.20	19.60
339	PSU	ψ Ursae Majorids	253.00	169.80	42.40	0.98	-0.39	61.70	9.13	0.93	0.90	208.90	253.80	119.40
340	TPY	thη Pyxidids	264.00	151.40	-24.40	0.83	-0.35	62.30	36.80	0.93	0.98	27.30	83.80	121.10
340	TPY	thη Pyxidids	264.00	151.40	-24.40	0.83	-0.35	63.00	16.48	0.93	0.97	27.50	83.80	121.10
341	XUM	January ξ Ursae Majorids	298.00	168.70	33.00	0.97	-0.39	40.90	1.50	0.22	0.86	313.20	298.00	66.80
343	HVI	h Virginids	38.00	204.80	-11.50	0.95	-0.36	17.20	2.28	0.74	0.66	72.70	218.20	0.90
345	FHE	f Herculids	344.00	270.90	41.50	0.57	0.01	42.80	5.66	0.97	0.93	163.60	343.90	71.30
345	FHE	f Herculids	344.00	270.90	41.50	0.57	0.01	42.80	5.66	0.97	0.93	163.60	343.90	71.30
346	XHE	x Herculids	350.00	253.00	49.20	0.48	-0.10	35.20	2.99	0.98	0.67	196.70	350.00	59.80
347	BPG	β Pegasids	36.00	350.50	27.80	0.63	0.34	41.00	2.76	0.30	0.89	61.11	30.00	62.70
347	BPG	β Pegasids	42.00	354.30	30.80	0.00	0.00	44.20	6.13	0.35	0.94	68.00	42.30	69.10
347	BPG	β Pegasids	42.00	354.30	30.80	0.90	0.40	44.20	5.16	0.35	0.94	68.00	42.30	69.10
348	ARC	April ρ Cygnids	37.00	324.50	45.90	0.61	0.36	41.80	6.51	0.81	0.88	125.55	37.00	69.90
348	ARC	April ρ Cygnids	38.00	322.10	46.60	0.66	0.32	40.90	6.14	0.84	0.86	130.30	39.40	69.70
349	LLY	λ Lyrids	41.00	283.70	28.50	0.72	-0.15	33.40	0.95	0.70	0.26	297.35	41.00	68.90
350	MAL	May Lacertids	42.00	335.60	45.30	0.61	0.50	43.00	11.14	0.72	0.94	114.76	42.00	70.60
351	DTR	Daytime Triangulids	46.00	35.90	34.10	0.00	0.00	26.20	4.24	0.56	868.00	92.58	46.00	16.20
352	ZOP	ζ Ophiuchids	47.00	254.80	-4.40	0.74	-0.29	22.80	0.92	0.30	0.67	318.22	47.00	19.90
353	SCT	σ Cetids	49.00	39.00	-15.70	0.00	0.00	35.50	5.21	0.42	0.92	257.00	229.00	41.10
354	DDT	Daytime δ Triangulids	53.00	35.30	33.70	1.95	0.91	28.40	2.95	0.45	0.85	78.17	53.00	19.60
355	XIC	Daytime ξ Cetids	54.00	36.40	8.60	1.00	0.30	16.50	1.00	0.45	0.55	235.95	234.00	3.70
356	MVL	May Vulpeculids	54.00	287.20	22.50	0.66	-0.09	32.50	0.88	0.49	0.45	312.18	54.00	66.90
357	PHP	φ Pegasids	54.00	358.30	20.70	0.72	-0.01	30.40	0.75	0.11	0.85	20.68	54.00	50.10
358	TOP	τ Ophiuchids	55.00	269.30	-6.40	0.03	-0.55	37.00	1.24	0.13	0.90	328.11	55.00	48.70
359	MZC	May ζ Cygnids	60.00	318.20	29.80	0.00	0.00	29.20	0.69	0.37	0.47	4.16	60.00	67.70
360	PSP	ψ Pegasids	63.00	1.80	28.10	1.11	0.70	30.80	0.76	0.15	0.80	23.88	63.00	57.70
361	TSR	thη Serpentids	65.00	284.00	6.00	0.77	-0.35	32.00	0.93	0.24	0.74	322.68	65.00	54.30
362	JMC	June μ Cassiopeiids	74.00	17.50	53.90	0.91	0.28	43.60	57.24	0.58	0.99	97.68	74.00	68.30
362	JMC	June μ Cassiopeiids	77.00	15.80	55.40	1.08	0.38	41.70	6.04	0.63	0.91	100.60	77.40	68.50
363	ZER	ζ Eridanids	93.00	50.80	-4.10	0.64	0.44	50.90	3.22	0.23	0.93	232.64	273.00	103.50
364	KCT	κ Cetids	94.00	51.00	4.60	1.71	0.95	29.20	0.75	0.09	0.89	198.05	274.00	35.70
365	BCM	β Camelopardalids	100.00	59.70	59.70	2.10	0.03	42.70	67.75	0.51	0.99	89.78	100.00	63.70
366	JBP	July β Pegasids	100.00	349.10	34.40	0.00	0.00	27.80	0.62	0.22	0.65	357.06	100.00	67.40
367	OPG	ο Pegasids	100.00	336.90	31.20	0.00	0.00	28.50	0.66	0.26	0.60	345.97	100.00	66.00
368	JAD	July Andromedids	101.00	36.10	49.10	0.68	0.96	34.70	0.89	0.27	0.69	38.44	101.00	69.70
369	JTR	July Taurids	104.00	70.00	1.50	0.81	0.16	39.70	1.54	0.15	0.90	217.82	284.00	60.90
370	MIC	Microscopiids	104.00	320.30	-28.30	0.89	0.29	38.00	1.68	0.11	0.94	147.95	284.00	36.70
371	APG	α Pegasids	106.00	353.90	17.80	0.00	0.00	35.90	0.58	0.09	0.84	352.04	106.00	107.70
372	PPS	φ Piscids	106.00	20.10	24.10	1.56	0.36	62.90	2.09	0.86	0.59	125.02	106.00	152.60
372	PPS	φ Piscids	94.00	12.90	22.00	0.00	0.00	67.10	8.66	0.88	0.90	136.70	97.70	152.60
372	PPS	φ Piscids	103.00	17.00	25.00	0.97	0.38	66.50	6.63	0.89	0.88	136.90	102.90	150.40
373	TPR	thη Perseids	106.00	41.10	47.60	0.87	-0.07	53.00	4.53	0.46	0.90	81.16	106.00	104.40
374	ISC	ι Sculptorids	128.00	5.20	-28.10	0.23	-0.40	36.70	1.02	0.22	0.79	141.83	308.00	69.10
375	AOE	August ο Eridanids	134.00	66.90	-8.30	1.22	0.08	45.00	0.86	0.43	0.50	222.87	314.00	108.70
376	ALN	August Lyncids	135.00	119.80	55.10	1.52	-0.23	41.70	32.65	0.44	0.99	81.76	135.00	57.60
377	DMO	Daytime Monocerotids	137.00	114.10	-3.10	0.00	0.00	37.20	4.11	0.33	0.92	245.62	317.00	41.10
378	GER	γ Eridanids	138.00	61.90	-17.40	0.00	0.00	56.90	3.15	0.99	0.69	339.34	318.00	113.90
379	ACT	August Cetids	153.00	7.00	-5.60	1.85	0.00	20.20	0.82	0.25	0.69	146.20	333.00	8.30
380	KDR	κ Draconids	158.00	189.40	73.10	0.95	-0.70	38.00	-10.53	0.90	1.08	142.16	158.00	57.50
381	DPL	Daytime π Leonids	174.00	145.60	8.70	0.76	-0.34	41.70	2.35	0.06	0.98	204.80	354.00	20.20
382	BUM	β Ursae Majorids	184.00	161.20	56.50	1.53	0.10	50.30	-26.45	0.69	1.03	112.24	184.00	85.00
383	LDR	λ Draconids	196.00	156.10	74.70	1.29	-0.23	37.50	1.33	0.98	0.26	152.87	196.00	72.50
384	OLP	October Leporids	203.00	81.60	-13.80	1.08	0.26	25.50	0.71	0.28	0.61	154.59	23.00	50.00
385	AUM	α Ursae Majorids	209.00	174.60	64.60	1.07	-0.55	35.60	1.10	0.87	0.21	105.32	209.00	70.50
386	OBC	October β Camelopardalids	214.00	66.80	56.20	1.45	0.30	47.60	6.57	0.42	0.94	281.50	214.00	80.90
386	OBC	October β Camelopardalids	205.00	45.80	52.30	1.29	0.27	43.60	5.69	0.39	0.93	286.30	205.20	68.60
387	OKD	October κ Draconids	216.00	182.10	63.40	0.95	-0.47	37.30	1.26	0.92	0.27	130.83	216.00	72.20
388	CTA	χ Taurids	220.00	63.20	24.70	0.96	0.19	42.10	4.97	0.08	0.98	328.49	220.00	12.30
388	CTA	χ Taurids	221.00	63.00	26.20	1.09	0.18	41.10	4.76	0.10	0.98	324.70	220.90	15.00
389	OME	ω Eridanids	234.00	73.30	-5.30	0.95	0.35	31.80	2.49	0.42	0.83	105.79	54.00	34.10
390	THA	November θ Aurigids	237.00	89.00	34.70	1.49	0.14	33.80	1.13	0.12	0.90	330.07	237.00	27.80
390	THA	November θ Aurigids	244.00	95.70	34.70	1.19	-0.04	32.50	1.12	0.14	0.88	327.50	243.60	24.90
391	NDD	November δ Draconids	241.00	277.70	68.20	0.00	0.00	25.50	4.61	0.99	0.79	185.41	241.00	39.50
392	NID	November i Draconids	241.00	200.10	64.50	0.72	-0.31	43.00	3.76	0.99	0.74	181.09	241.00	74.90
392	NID	November i Draconids	242.00	196.50	68.00	0.64	-0.38	41.90	3.62	0.97	0.73	194.70	254.40	72.90
393	RBO	ρ Bootids	242.00	215.70	31.80	0.00	0.00	43.00	2.64	0.58	0.78	93.07	242.00	73.00
394	ACA	α Canis Majorids	247.00	100.20	-17.30	0.69	0.44	42.00	3.70	0.51	0.86	92.32	67.00	67.10
394	ACA	α Canis Majorids	245.00	98.50	-16.90	0.80	-0.06	43.10	4.28	0.51	0.91	91.30	64.70	68.30
395	GCM	γ Canis Majorids	257.00	109.80	-11.30	0.43	-0.17	43.60	3.13	0.37	0.88	109.05	77.00	70.20
396	DTA	December θ Aurigids	261.00	93.00	36.60	0.00	0.00	58.90	-0.46	0.23	1.50	285.63	261.00	35.50
397	NGM	ν Geminids	262.00	99.00	18.10	0.00	0.00	65.80	-0.38	0.08	1.22	132.01	82.00	26.70
398	DCM	December Canis Majorids	266.00	112.30	-14.60	0.00	0.00	42.80	7.04	0.44	0.94	97.80	86.00	63.70
398	DCM	December Canis Majorids	272.00	117.30	-12.50	0.84	-0.19	42.90	4.21	0.39	0.92	105.60	91.00	60.30
399	DHY	December Hydrids	266.00	131.50	-11.30	0.89	-0.58	54.50	4.82	0.41	0.91	103.08	86.00	105.90
400	BMO	β Monocerotids	271.00	100.50	-8.80	0.00	0.00	31.00	3.84	0.53	0.86	90.20	91.00	33.00
401	BSX	β Sextantids	292.00	160.20	1.80	1.15	-0.44	53.20	1.84	0.07	0.96	153.55	112.00	149.70
402	JHY	January Hydrids	292.00	149.70	-22.10	1.14	-0.83	37.90	0.97	0.28	0.71	136.00	112.00	73.00
403	CVN	Canum Venaticids	293.00	203.30	42.80	0.33	-0.30	52.60	9.40	0.87	0.91	221.54	293.00	93.30
404	GUM	γ Ursae Minorids	299.00	231.80	66.80	0.70	-0.57	31.80	4.20	0.96	0.77	199.54	299.00	51.10
404	GUM	γ Ursae Minorids	298.00	228.30	69.20	0.14	-0.26	28.80	2.88	0.95	0.67	203.40	298.80	47.10
405	MHY	μ Hydrids	300.00	154.30	-20.90	0.65	0.76	39.10	1.08	0.25	0.77	135.79	120.00	71.80
406	FCB	February Comae Berenicids	324.00	186.20	29.10	0.00	0.00	24.20	0.95	0.36	0.62	310.97	324.00	30.50
407	OEE	October η Eridanids	201.00	45.80	-9.80	0.00	0.00	25.40	1.33	0.41	0.69	115.82	21.00	26.40
408	KHY	κ Hydrids	283.00	139.10	-12.90	0.00	0.00	37.60	1.04	0.21	0.79	140.08	103.00	66.50
410	DPI	δ Piscids	92.00	11.20	5.60	0.93	0.39	69.00	7.96	0.91	0.91	144.30	92.30	178.30
411	CAN	c Andromedids	107.00	29.10	47.30	1.13	0.35	57.50	8.40	0.69	0.94	109.10	107.40	112.90
413	MUL	μ Lyrids	120.00	267.00	41.90	0.56	-0.02	18.10	2.88	0.98	0.66	204.00	120.80	26.50
416	SIC	September ι Cassiopeiids	167.00	30.30	63.90	1.34	0.34	52.30	8.84	0.89	0.91	220.10	167.80	95.30
419	DAC	Daytime April Cetids	29.70	13.60	-2.70	0.00	0.00	28.90	1.61	0.28	0.83	233.00	209.70	11.00
420	CCA	χ Capricornids	58.10	314.30	-23.20	0.00	0.00	65.40	3.04	0.72	0.76	70.00	240.10	167.60
421	MMI	May Microscopiids	57.90	309.40	-42.70	0.00	0.00	60.20	5.60	0.59	0.88	83.80	237.90	129.50
422	NLL	Northern Librids-Lupids	67.80	227.90	-17.40	0.00	0.00	13.30	1.84	0.83	0.55	239.90	67.90	0.20
423	SLL	Southern Librids-Lupids	64.90	235.50	-30.80	0.00	0.00	20.80	2.24	0.64	0.71	81.40	245.40	7.10
424	SOL	September-October Lyncids	178.00	121.00	47.80	1.29	-0.21	62.40	24.22	0.70	0.98	113.00	177.90	126.00
425	PSA	ψ Aurigids	195.00	119.20	44.30	1.25	-0.20	66.00	4.04	0.96	0.86	154.30	194.40	139.10
426	DCR	Daytime Craterids	158.00	168.80	-15.30	0.00	0.00	18.90	4.07	0.81	0.80	303.00	338.00	9.70
427	FED	February η Draconids	315.11	239.92	62.49	0.00	0.00	35.60	-250.00	0.97	1.00	194.09	315.07	55.20
427	FED	February η Draconids	315.00	239.60	62.40	0.26	-0.20	35.10	18.58	0.97	0.98	194.30	315.10	54.70
428	DSV	December σ Virginids	267.41	205.05	5.47	0.00	0.00	66.00	23.27	0.60	0.97	102.66	267.41	149.64
428	DSV	December σ Virginids	262.00	200.80	5.80	0.90	-0.37	66.20	8.18	0.56	0.97	97.90	261.80	151.50
429	ACB	α Coronae Borealids	309.89	233.28	27.01	0.00	0.00	58.00	93.48	0.98	0.99	175.35	309.89	105.40
429	ACB	?lpha Coronae Borealids	308.00	231.70	27.70	0.75	-0.24	57.00	16.85	0.98	0.94	176.30	307.80	104.10
430	POR	September π Orionids	178.42	74.88	8.44	0.00	0.00	68.00	12.45	0.85	0.93	46.27	358.21	154.12
431	JIP	June ι Pegasids	94.46	332.63	29.20	0.00	0.00	59.00	75.63	0.90	0.99	219.57	94.46	113.38
431	JIP	June ι Pegasids	94.00	332.10	29.10	0.81	0.35	58.50	7.44	0.90	0.93	219.90	94.10	112.80
432	NBO	ν Bootids	299.18	206.00	12.60	0.00	0.00	62.80	2.75	0.85	0.69	221.70	299.80	140.50
433	ETP	η Pegasids	135.40	334.60	32.70	0.00	0.00	34.50	1.46	0.46	0.69	293.10	134.80	55.10
434	BAR	β Arietids	135.28	28.80	21.90	0.00	0.00	65.50	3.25	0.88	0.73	226.20	135.00	161.10
435	MPR	μ Perseids	139.64	70.40	50.00	0.00	0.00	54.20	1.91	0.59	0.69	88.40	139.50	121.30
436	GCP	γ Cepheids	234.99	47.60	79.50	0.00	0.00	33.80	6.12	0.83	0.86	228.90	235.60	51.60
437	NLY	November Lyncids	237.92	141.80	40.00	0.00	0.00	60.60	2.57	0.75	0.71	246.10	237.90	132.50
438	MLE	μ Leonids	235.70	142.40	29.30	0.00	0.00	66.00	3.31	0.86	0.74	225.20	235.80	153.60
439	ASX	α Sextantids	237.37	154.60	-3.40	0.00	0.00	68.80	16.90	0.90	0.95	325.30	56.60	155.60
440	NLM	November Leonis Minorids	237.99	162.20	33.00	0.00	0.00	65.20	3.83	0.96	0.75	171.00	237.40	138.90
441	NLD	November λ Draconids	236.07	177.30	70.40	0.00	0.00	41.70	2.57	0.95	0.63	200.80	236.00	74.80
442	RLE	ρ Leonids	262.18	155.60	5.20	0.00	0.00	65.60	3.00	0.69	0.77	72.80	82.20	170.80
443	DCL	December Leonids	262.19	155.30	20.80	0.00	0.00	64.10	3.27	0.54	0.84	270.10	262.30	159.00
444	ZCS	ζ Cassiopeiids	113.20	6.90	50.70	1.40	0.50	57.30	19.60	1.00	0.95	163.60	113.20	107.50
444	ZCS	ζ Cassiopeiids	109.00	3.10	49.50	0.95	0.40	57.10	12.81	1.00	0.96	165.40	112.10	106.60
445	KUM	κ Ursae Majorids	225.00	147.20	45.00	1.13	-0.34	65.70	-19.54	0.99	1.00	185.90	224.00	129.60
446	DPC	December φ Cassiopeiids	252.00	19.50	57.70	1.14	0.37	16.50	3.10	0.90	0.71	218.70	252.10	18.00
448	AAL	April α Librids	13.60	219.70	-12.90	0.00	0.00	40.70	2.26	0.07	0.97	332.80	13.60	9.20
448	AAL	April α Librids	14.40	219.70	-13.00	0.00	0.00	37.70	1.76	0.10	0.94	329.60	14.40	6.70
449	ABS	April β Sextantids	13.60	164.90	4.40	0.00	0.00	12.30	2.28	0.90	0.60	42.90	193.60	1.50
449	ABS	April β Sextantids	7.30	166.50	5.55	0.00	0.00	14.65	2.47	0.84	0.66	52.40	187.30	0.70
450	AED	April ε Delphinids	20.20	307.20	11.80	0.00	0.00	61.50	248.33	0.74	1.00	119.10	20.10	122.30
450	AED	April ε Delphinids	20.00	307.10	11.60	0.85	0.24	61.30	13.77	0.75	0.98	119.40	17.00	122.70
451	CAM	Camelopardalids	39.10	172.60	83.70	0.00	0.00	14.70	2.62	1.00	0.62	168.10	39.10	20.70
451	CAM	Camelopardalids	40.60	182.70	83.20	0.00	0.00	13.02	2.07	1.00	0.52	167.90	40.60	19.00
451	CAM	Camelopardalids	39.00	170.90	76.80	1.17	-0.39	14.00	2.73	1.00	0.63	167.60	39.10	19.10
452	TVI	thη Virginids	39.50	196.90	-1.00	0.00	0.00	14.90	2.70	0.86	0.68	230.50	39.60	2.40
453	MML	May μ Leonids	40.30	145.50	27.20	0.00	0.00	7.70	2.21	1.00	0.55	182.80	40.70	2.80
454	MPV	May φ Virginids	41.60	220.20	0.30	0.00	0.00	21.70	2.55	0.65	0.74	259.70	41.60	10.40
455	MAC	May α Comae Berenicids	42.80	205.20	18.70	0.00	0.00	13.70	2.32	0.90	0.61	223.40	42.80	10.00
456	MPS	May ψ Scorpiids	61.50	244.50	-10.60	0.00	0.00	25.40	2.68	0.52	0.81	275.50	61.50	9.40
456	MPS	May ψ Scorpiids	61.70	243.70	-10.50	0.00	0.00	24.63	2.58	0.54	0.79	273.20	61.70	9.00
456	MPS	May ψ Scorpiids	63.00	245.60	-10.90	0.99	-0.16	25.10	2.66	0.52	0.80	275.10	59.80	9.20
457	MDL	May δ Leonids	54.10	171.20	20.90	0.00	0.00	7.40	1.96	1.00	0.49	189.10	54.20	3.10
458	JEC	June ε Cygnids	82.30	314.30	33.20	0.00	0.00	53.20	304.67	0.91	1.00	216.80	82.30	95.60
458	JEC	June ε Cygnids	83.00	315.50	33.10	0.00	0.00	52.11	8.13	0.91	0.89	218.70	83.00	95.40
458	JEC	June ε Cygnids	83.00	316.10	33.70	0.73	0.29	53.00	11.58	0.92	0.92	215.60	83.40	96.40
459	JEO	June ε Ophiuchids	84.10	246.90	-5.20	0.00	0.00	15.60	2.42	0.83	0.66	236.80	84.10	7.30
459	JEO	June ε Ophiuchids	89.00	244.70	-8.80	0.97	-0.17	14.90	2.53	0.87	0.66	230.30	89.10	4.90
460	LOP	λ Ophiuchids	84.50	257.20	-3.70	0.00	0.00	19.70	2.87	0.74	0.74	248.20	84.50	11.10
460	LOP	λ Ophiuchids	85.90	257.60	-5.40	0.00	0.00	19.62	2.62	0.72	0.72	251.80	85.90	10.30
460	LOP	λ Ophiuchids	91.00	260.10	-4.10	0.95	-0.07	19.40	3.03	0.75	0.75	246.70	89.10	10.70
461	JGS	July δ Sagittariids	108.90	272.10	-27.10	0.00	0.00	16.30	2.58	0.80	0.69	61.80	288.80	1.80
462	JGP	July γ Pegasids	120.80	358.60	14.20	0.00	0.00	62.60	5.46	0.52	0.90	273.80	120.80	150.00
462	JGP	July γ Pegasids	120.50	357.10	13.30	0.00	0.00	62.31	6.21	0.48	0.92	275.20	120.50	149.40
463	JRH	July ρ Herculids	124.60	265.10	36.40	0.00	0.00	15.60	2.67	0.98	0.63	203.80	124.60	21.30
463	JRH	July ρ Herculids	125.80	265.90	36.20	0.00	0.00	14.80	2.20	0.98	0.55	204.50	125.80	19.73
464	KLY	κ Lyrids	126.90	277.50	33.30	0.00	0.00	18.60	3.11	0.94	0.70	215.10	126.80	24.70
464	KLY	κ Lyrids	125.90	276.30	34.80	0.00	0.00	18.61	3.10	0.94	0.69	213.60	125.90	25.10
464	KLY	κ Lyrids	125.00	276.70	33.50	0.33	0.03	19.00	3.39	0.94	0.72	214.60	125.50	25.40
465	AXC	August ξ Cassiopeiids	135.80	4.90	48.90	0.00	0.00	55.50	8.03	0.91	0.89	219.10	135.80	104.90
465	AXC	August ξ Cassiopeiids	136.10	4.70	48.90	0.00	0.00	54.72	5.41	0.90	0.83	221.40	136.10	104.20
465	AXC	August ξ Cassiopeiids	136.00	5.20	48.60	0.96	0.40	56.50	15.27	0.91	0.94	217.80	136.10	106.10
466	AOC	August ο Cetids	138.50	30.70	0.30	0.00	0.00	67.50	-45.25	0.72	1.02	64.20	318.50	157.90
466	AOC	August ο Cetids	136.80	29.00	0.90	0.00	0.00	65.84	7.03	0.70	0.90	64.20	316.80	159.80
466	AOC	August ο Cetids	138.00	29.80	-0.10	0.92	0.34	66.40	13.20	0.69	0.95	68.30	318.30	157.20
467	ANA	August ν Aquariids	139.40	317.10	-13.10	0.00	0.00	21.80	2.82	0.62	0.78	263.60	139.40	2.60
467	ANA	August ν Aquariids	139.50	318.10	-12.20	0.00	0.00	21.35	2.47	0.61	0.75	265.60	139.50	2.60
468	AAH	August α Herculids	142.10	267.20	19.20	0.00	0.00	11.20	2.46	0.99	0.60	200.60	142.10	11.90
468	AAH	August α Herculids	136.30	267.80	20.60	0.00	0.00	12.47	2.65	0.98	0.63	204.40	136.30	13.50
469	AUS	August υ Sagittariids	145.10	287.90	-12.20	0.00	0.00	11.10	2.33	0.93	0.60	217.80	145.10	3.00
470	AMD	August μ Draconids	145.40	253.70	58.80	0.00	0.00	19.50	2.92	1.01	0.65	177.20	145.40	30.30
470	AMD	August μ Draconids	144.40	254.80	58.20	0.00	0.00	18.98	2.74	1.01	0.63	178.40	144.40	29.50
470	AMD	August μ Draconids	149.00	256.40	62.50	0.18	-0.09	21.30	2.87	1.01	0.65	175.50	149.50	33.80
471	ABC	August β Capricornids	146.40	305.40	-14.10	0.00	0.00	13.90	2.34	0.85	0.64	234.50	146.50	2.10
471	ABC	August β Capricornids	137.80	306.30	-12.50	0.00	0.00	16.95	2.32	0.75	0.68	248.90	137.80	3.40
472	ATA	August θ Aquilids	147.30	310.60	-1.80	0.00	0.00	15.90	2.24	0.79	0.65	243.50	147.30	7.40
472	ATA	August θ Aquilids	143.80	310.30	-1.80	0.00	0.00	18.66	2.80	0.74	0.73	248.30	143.80	8.80
473	LAQ	λ Aquariids	147.60	342.30	-5.50	0.00	0.00	30.60	2.41	0.30	0.88	300.30	148.00	2.60
473	LAQ	λ Aquariids	145.30	341.00	-5.10	0.00	0.00	31.12	2.34	0.28	0.88	303.20	145.30	4.10
474	ABA	August β Aquariids	148.70	300.00	4.70	0.00	0.00	15.10	2.92	0.87	0.70	228.10	148.70	10.20
474	ABA	August β Aquariids	147.90	301.30	4.50	0.00	0.00	15.07	2.65	0.86	0.68	230.90	147.90	10.10
475	SAQ	September Aquariids	158.10	329.20	-11.00	0.00	0.00	17.90	2.48	0.72	0.71	251.50	158.20	1.30
475	SAQ	September Aquariids	157.10	330.20	-10.70	0.00	0.00	21.02	3.52	0.67	0.81	255.70	157.10	0.80
476	ICE	ι Cetids	176.10	4.80	-1.40	0.00	0.00	26.90	2.51	0.42	0.83	134.00	357.20	3.40
476	ICE	ι Cetids	175.50	4.60	-0.70	0.00	0.00	26.23	2.22	0.42	0.81	107.70	355.50	2.60
477	SRP	September ρ Pegasids	177.40	343.40	5.00	0.00	0.00	18.30	2.62	0.73	0.72	249.80	177.40	6.10
477	SRP	September ρ Pegasids	177.10	345.90	5.10	0.00	0.00	18.41	2.32	0.70	0.70	254.80	177.10	5.80
478	STC	September θ Capricornids	177.70	316.00	-14.10	0.00	0.00	10.30	2.38	0.94	0.61	213.10	173.50	1.70
478	STC	September θ Capricornids	170.70	315.30	-13.30	0.00	0.00	10.19	2.11	0.93	0.56	218.30	170.70	1.10
479	SOO	September ο Orionids	185.60	79.20	12.00	0.00	0.00	67.60	10.75	0.77	0.93	58.10	5.60	159.30
479	SOO	September ο Orionids	185.70	80.40	10.61	0.00	0.00	66.87	6.39	0.79	0.88	56.50	5.70	156.50
479	SOO	September ο Orionids	187.00	80.90	12.50	1.01	0.06	67.60	8.11	0.78	0.91	57.60	7.70	159.90
480	TCA	τ Cancrids	207.30	137.50	30.50	0.00	0.00	67.20	4.75	0.84	0.82	131.80	207.30	154.80
480	TCA	τ Cancrids	204.10	135.10	29.20	0.00	0.00	67.31	5.02	0.81	0.84	125.90	204.10	158.00
480	TCA	τ Cancrids	206.00	137.10	29.40	1.07	-0.29	67.20	4.88	0.82	0.84	126.90	205.60	156.90
481	OML	October μ Leonids	218.60	148.00	29.70	0.00	0.00	67.30	4.91	0.89	0.82	140.30	218.60	151.50
481	OML	October μ Leonids	219.70	148.50	29.10	0.00	0.00	67.13	4.31	0.89	0.79	140.70	219.70	152.10
481	OML	October μ Leonids	219.00	148.30	29.20	1.03	-0.34	67.60	5.02	0.89	0.83	140.90	218.80	151.80
482	NGP	November γ Pegasids	228.40	354.90	14.40	0.00	0.00	11.40	3.18	0.94	0.71	207.70	228.40	4.40
483	NAS	November α Sextantids	231.40	149.90	-3.40	0.00	0.00	71.10	-8.72	0.90	1.10	325.50	51.40	154.20
483	NAS	November α Sextantids	232.00	148.80	-3.90	0.91	-0.34	69.00	29.40	0.90	0.97	323.30	51.90	152.60
484	IOA	ι Arietids	234.70	27.60	17.30	0.00	0.00	13.80	2.40	0.84	0.65	193.70	200.40	3.40
484	IOA	ι Arietids	233.60	28.50	15.60	0.00	0.00	14.51	2.55	0.82	0.68	233.90	233.60	1.50
485	NZT	November ζ Taurids	240.00	81.00	20.50	0.00	0.00	35.50	2.32	0.17	0.93	135.90	60.00	5.50
486	NZP	November ζ Perseids	240.40	67.30	33.60	0.00	0.00	29.40	2.76	0.39	0.86	288.20	240.40	13.30
486	NZP	November ζ Perseids	240.00	68.00	32.80	1.16	0.15	29.50	2.59	0.36	0.86	290.50	239.60	12.90
487	NRC	November ρ Cygnids	241.40	323.20	43.40	0.00	0.00	11.80	2.56	0.98	0.62	189.10	241.40	14.44
488	NSU	November σ Ursae Majorids	241.60	148.30	59.20	0.00	0.00	55.30	29.04	0.81	0.97	230.00	241.60	99.90
488	NSU	November σ Ursae Majorids	243.00	151.20	58.20	1.22	-0.35	55.10	14.41	0.82	0.94	230.00	242.50	100.20
489	ZLE	ζ Leonids	248.60	159.60	24.40	0.00	0.00	74.00	-2.77	0.95	1.34	200.00	248.60	155.30
490	DGE	December δ Eridanids	249.30	69.50	-13.60	0.00	0.00	23.80	3.93	0.72	0.82	66.80	69.30	23.50
490	DGE	December δ Eridanids	254.00	73.30	-7.60	0.87	0.11	24.70	4.43	0.67	0.85	72.50	73.30	22.20
491	DCC	December δ Cancrids	249.50	131.70	12.80	0.00	0.00	64.10	6.67	0.39	0.94	104.90	69.50	167.80
491	DCC	December δ Cancrids	248.00	129.70	13.30	0.98	-0.25	64.30	9.13	0.38	0.96	105.00	67.70	162.90
492	DTH	December θ Hydrids	251.90	139.20	-0.40	0.00	0.00	67.10	21.06	0.69	0.97	66.30	71.90	149.60
493	DEC	December ε Craterids	251.90	166.00	-10.00	0.00	0.00	70.60	-57.81	0.93	1.02	331.40	71.90	154.30
493	DEC	December ε Craterids	253.00	165.90	-10.70	0.90	-0.39	69.80	21.40	0.92	0.96	330.80	73.40	153.20
494	DEL	December Lyncids	253.10	129.20	49.10	0.00	0.00	51.70	6.89	0.36	0.95	287.20	253.10	94.00
494	DEL	December Lyncids	252.00	127.70	49.40	1.28	-0.25	51.70	5.57	0.36	0.93	286.60	251.80	93.80
495	DMT	December μ Taurids	262.10	62.40	10.30	0.00	0.00	13.50	2.13	0.83	0.61	53.60	82.10	4.10
496	DED	December ε Eridanids	262.60	53.60	-4.40	0.00	0.00	12.20	2.46	0.90	0.63	38.00	82.60	7.40
497	DAB	December α Bootids	263.90	213.50	22.30	0.00	0.00	59.50	-343.00	0.69	1.00	113.30	263.90	112.30
497	DAB	December α Bootids	261.80	210.60	22.90	0.00	0.00	59.47	20.91	0.69	0.97	113.10	261.80	113.60
497	DAB	December α Bootids	264.00	213.00	21.90	0.83	-0.33	59.80	62.10	0.68	0.99	113.20	264.30	113.50
498	DMH	December μ Hydrids	264.80	152.70	-23.80	0.00	0.00	63.80	54.71	0.93	0.98	27.20	84.80	123.50
498	DMH	December μ Hydrids	269.00	156.80	-25.90	0.83	-0.36	63.70	26.50	0.94	0.96	25.10	88.80	123.10
499	DDL	December δ Leonids	275.90	168.80	27.20	0.00	0.00	67.00	-4.02	0.61	1.15	253.00	275.90	137.30
499	DDL	December δ Leonids	277.40	169.50	26.60	0.00	0.00	63.06	11.91	0.54	0.96	266.10	277.40	135.30
500	JPV	January φ Virginids	285.60	220.30	2.50	0.00	0.00	66.20	13.38	0.67	0.95	110.30	285.60	145.30
500	JPV	January φ Virginids	288.20	221.90	1.20	0.00	0.00	65.05	4.90	0.66	0.87	106.60	288.20	146.50
500	JPV	January φ Virginids	289.00	223.10	1.20	0.91	-0.29	66.50	6.45	0.68	0.97	111.20	290.10	146.60
501	FPL	February π Leonids	317.30	147.80	9.00	0.00	0.00	28.30	2.27	0.39	0.83	110.00	137.30	4.10
502	DRV	December ρ Virginids	252.50	185.10	12.90	0.00	0.00	68.10	10.09	0.78	0.92	124.00	252.50	153.90
502	DRV	December ρ Virginids	253.20	185.10	12.30	0.00	0.00	68.18	9.70	0.78	0.92	123.80	253.20	154.80
502	DRV	December ρ Virginids	256.00	187.50	13.00	0.91	-0.39	68.30	8.35	0.80	0.94	127.60	256.00	152.50
505	AIC	August ι Cetids	145.40	356.80	-9.60	0.71	0.21	37.24	1.83	0.11	0.94	148.20	325.40	21.30
505	AIC	August ι Cetids	151.00	2.00	-7.70	0.92	0.40	37.70	2.07	0.11	0.95	145.90	334.40	20.90
506	FEV	February ε Virginids	315.30	201.70	10.40	0.00	0.00	63.00	11.62	0.49	0.96	271.20	315.30	138.10
506	FEV	February ε Virginids	314.00	200.40	11.00	0.89	-0.37	62.90	8.28	0.49	0.95	272.50	312.60	138.00
507	UAN	υ Andromedids	98.00	19.80	42.50	1.18	0.35	58.80	21.50	0.69	0.97	110.30	97.97	116.40
507	UAN	υ Andromedids	96.00	7.10	40.30	0.96	0.39	59.30	8.85	0.85	0.91	130.00	101.00	117.80
508	TPI	thη Piscids	146.50	351.50	4.00	0.00	0.00	38.10	2.08	0.10	0.95	328.00	146.50	21.10
509	KVI	κ Virginids	6.00	208.00	-8.00	0.92	-0.35	37.40	2.50	0.14	0.94	321.00	6.00	8.00
510	JRC	June ρ Cygnids	84.00	321.80	43.90	0.40	0.60	50.20	21.00	1.01	0.93	190.00	84.20	90.00
510	JRC	June ρ Cygnids	84.00	320.50	44.10	0.67	0.31	50.90	251.50	1.01	1.00	191.00	84.50	89.30
511	FLY	15 Lyncids	202.00	101.00	54.60	1.30	-0.10	59.60	3.60	0.85	0.76	228.00	202.00	121.60
512	RPU	ρ Puppids	223.00	120.00	-24.00	0.80	-0.20	57.50	13.00	0.98	0.91	9.00	43.00	106.40
512	RPU	ρ Puppids	231.00	130.40	-26.30	0.77	-0.26	57.80	9.40	0.99	0.91	349.40	50.80	107.00
513	EPV	ε Virginids	258.00	197.00	7.20	0.79	-0.24	66.40	28.00	0.57	0.98	99.00	258.00	151.00
514	OMC	ω Capricornids	66.00	315.00	-30.00	1.00	0.30	64.60	27.00	0.53	0.98	87.00	246.00	142.40
515	OLE	ο Leonids	296.00	144.00	7.00	0.67	-0.27	41.50	1.80	0.08	0.97	151.00	116.00	23.00
516	FMV	February μ Virginids	327.00	223.00	2.20	0.80	-0.40	66.90	16.00	0.77	0.93	237.00	327.00	146.00
517	ALO	April λ Ophiuchids	15.50	244.60	1.10	0.00	0.00	55.70	14.00	0.29	0.98	296.00	15.50	110.60
518	AHE	April 102 Herculids	33.80	273.30	18.50	0.00	0.00	53.60	10.00	0.78	0.92	238.00	33.80	98.30
519	BAQ	β Aquariids	46.30	323.00	-0.40	0.00	0.00	68.40	11.00	0.94	0.91	149.00	46.00	156.20
519	BAQ	β Aquariids	46.00	322.60	-0.90	0.92	0.32	69.00	6.89	0.94	0.95	150.10	46.10	156.60
520	MBC	May β Capricornids	56.80	303.00	-15.60	0.74	0.17	65.70	5.40	0.55	0.94	266.00	57.00	171.00
520	MBC	May β Capricornids	58.00	304.00	-15.60	1.01	0.23	65.80	9.39	0.55	0.96	265.50	58.70	170.90
521	JRP	June ρ Cygnids	84.10	322.10	44.00	0.21	0.59	50.30	15.00	1.01	0.93	190.00	84.10	90.00
522	SAP	Southern α Pegasids	112.00	351.00	11.70	0.00	0.00	63.90	16.00	0.56	0.96	265.00	112.00	148.80
523	AGC	August γ Cepheids	155.10	358.00	76.40	0.00	0.00	44.00	9.00	1.00	0.89	188.00	155.00	76.00
523	AGC	August γ Cepheids	156.00	354.20	76.60	0.76	0.40	43.90	11.42	1.00	0.91	188.10	156.10	75.60
524	LUM	λ Ursae Majorids	215.00	158.20	49.40	0.00	0.00	60.30	13.00	0.92	0.93	147.00	215.00	115.00
524	LUM	λ Ursae Majorids	214.00	157.80	50.20	1.09	-0.37	60.90	3.10	0.92	1.01	148.50	213.50	114.50
525	ICY	ι Cygnids	218.40	299.00	53.00	0.00	0.00	16.40	2.70	0.98	0.63	190.00	218.00	24.00
526	SLD	Southern λ Draconids	221.60	163.00	68.10	0.00	0.00	48.70	4.00	0.99	0.74	189.00	221.60	88.00
526	SLD	Southern λ Draconids	221.00	162.00	68.20	1.21	-0.38	49.10	4.47	0.99	0.78	188.50	221.10	89.00
527	UUM	υ Ursae Majorids	240.40	148.00	59.40	0.00	0.00	55.10	18.00	0.82	0.95	229.00	240.40	99.90
528	JZD	January ζ Draconids	283.90	251.00	64.00	0.00	0.00	28.10	2.60	0.98	0.62	181.00	284.00	46.60
529	EHY	η Hydrids	256.90	132.90	2.30	0.79	-0.16	62.50	15.00	0.38	0.97	103.80	76.90	142.80
529	EHY	η Hydrids	258.20	134.10	2.40	0.00	0.00	61.72	7.39	0.36	0.95	107.40	78.20	143.00
529	EHY	η Hydrids	257.00	132.30	2.50	0.93	-0.27	62.40	9.98	0.36	0.98	106.10	78.40	142.20
530	ECV	η Corvids	304.90	193.90	-18.60	0.00	0.00	67.39	4.22	0.79	0.81	56.00	124.90	157.90
530	ECV	η Corvids	302.00	192.00	-18.10	0.95	-0.39	68.10	5.29	0.82	0.85	50.10	122.20	50.10
531	GAQ	γ Aquilids	45.00	301.80	13.80	0.66	0.25	62.70	22.98	0.99	0.96	196.20	44.50	123.40
531	GAQ	γ Aquilids	49.80	305.80	14.10	0.00	0.00	60.78	4.47	0.98	0.78	201.20	49.80	123.30
531	GAQ	γ Aquilids	58.00	314.00	16.80	0.83	0.28	62.50	7.29	1.00	0.91	193.60	58.30	124.00
532	MLD	May λ Draconids	52.00	155.00	73.00	-1.87	-0.08	14.40	2.83	0.99	0.65	165.00	52.00	18.70
533	JXA	July ξ Arietids	119.00	40.10	10.60	0.66	0.25	69.40	25.23	0.88	0.97	318.00	299.00	171.60
533	JXA	July ξ Arietids	112.60	35.00	9.20	0.00	0.00	68.85	14.15	0.86	0.94	313.80	292.60	171.80
533	JXA	July ξ Arietids	119.00	41.50	10.70	0.97	0.30	68.90	10.65	0.86	0.95	312.40	292.70	170.40
534	FOA	51 Andromedids	136.00	23.30	47.30	0.90	0.27	60.80	8.04	1.00	0.88	195.00	136.00	120.70
535	THC	thη Cetids	137.00	23.00	-10.20	0.82	0.37	61.80	16.10	0.50	0.97	92.00	317.00	138.00
536	FSO	47 Ophiuchids	320.00	259.00	-4.10	0.80	0.00	63.30	24.10	0.51	0.98	90.90	320.00	137.60
537	KAU	κ Aurigids	208.00	93.10	33.20	1.03	-0.19	65.50	12.93	0.54	0.96	266.00	208.00	159.00
537	KAU	κ Aurigids	207.40	90.70	32.00	0.00	0.00	64.98	13.80	0.48	0.97	272.90	207.40	160.40
538	FFA	55 Arietids	214.00	48.60	30.80	0.98	0.22	36.90	3.67	0.21	0.94	308.50	214.00	24.00
538	FFA	55 Arietids	215.10	50.90	30.20	0.00	0.00	38.12	4.35	0.19	0.96	311.30	215.10	24.10
539	ACP	α Cepheids	281.00	318.00	64.00	-0.45	-0.32	15.90	2.68	0.98	0.64	182.00	281.00	22.90
540	TCR	thη Craterids	283.00	175.90	-7.40	0.70	-0.28	70.20	28.31	0.82	0.97	48.00	103.00	164.50
541	SSD	66 Draconids	255.20	302.00	62.00	-0.54	-0.30	18.20	2.86	0.98	0.66	184.80	255.20	27.20
542	DES	δ Sextantids	263.30	158.00	-1.90	0.72	-0.29	69.40	10.44	0.84	0.92	46.70	83.30	161.00
543	TTB	22 Bootids	284.10	212.50	17.10	0.75	-0.21	65.00	11.90	0.93	0.92	152.30	284.10	130.30
544	JNH	January ν Hydrids	289.60	161.00	-11.70	0.69	-0.36	62.00	17.37	0.42	0.98	99.60	109.60	135.10
545	XCS	ξ Cassiopeiids	154.30	7.10	49.90	0.73	0.51	52.70	72.70	0.73	0.99	244.20	154.30	94.90
545	XCS	ξ Cassiopeiids	156.40	8.60	49.40	0.00	0.00	51.36	8.77	0.66	0.93	250.70	156.40	93.60
546	FTC	43 Cassiopeiids	144.10	30.20	67.40	0.00	0.00	52.20	7.64	1.01	0.87	173.00	144.10	95.40
547	KAP	κ Perseids	137.60	43.90	45.60	0.00	0.00	63.53	6.59	0.98	0.85	157.00	137.60	132.00
548	FAQ	15 Aquariids	113.00	318.20	-2.10	0.84	0.23	37.70	1.97	0.14	0.93	322.20	112.70	34.80
549	FAN	49 Andromedids	114.00	20.90	46.70	0.90	0.32	60.10	12.24	0.92	0.93	143.10	114.00	118.20
549	FAN	49 Andromedids	112.00	20.50	46.60	1.07	0.37	60.20	7.71	0.90	0.92	139.80	118.00	117.90
550	KPC	κ Cassiopeiids	119.00	10.50	64.20	0.64	0.40	50.20	10.54	0.97	0.91	155.00	119.00	90.00
551	FSA	47 Andromedids	139.00	22.40	38.60	0.95	0.20	63.70	12.82	0.91	0.93	217.90	138.60	132.00
552	PSO	π6 Orionids	166.30	76.30	-1.30	0.64	0.09	66.50	17.91	1.00	0.94	5.10	346.30	139.00
552	PSO	π6 Orionids	159.00	70.50	-2.30	0.90	0.13	65.80	7.53	1.00	0.89	17.20	342.40	138.30
553	DPE	δ Perseids	168.00	58.50	46.70	0.89	0.18	64.50	11.67	0.91	0.92	216.60	168.40	134.00
554	APE	α Perseids	171.00	50.30	49.30	0.96	0.33	61.40	13.49	0.80	0.94	235.20	171.20	123.90
555	OCP	October γ Camelopardalids	191.00	63.20	72.90	2.62	0.15	50.80	17.25	0.90	0.95	217.80	191.30	89.70
555	OCP	October γ Camelopardalids	189.00	48.80	67.40	1.65	0.26	50.90	7.74	0.80	0.94	234.40	188.70	89.50
556	PTA	φ Taurids	193.00	63.90	29.10	1.15	0.20	60.20	8.67	0.23	0.97	303.70	193.10	156.30
557	SFD	64 Draconids	216.00	302.90	65.60	-0.50	-0.10	26.40	24.92	0.97	0.96	196.60	216.40	38.40
558	TSM	27 Monocerotids	221.00	117.90	-6.10	0.79	-0.04	64.20	5.81	0.92	0.84	32.90	41.30	132.80
558	TSM	27 Monocerotids	227.00	121.80	-5.80	0.88	-0.21	64.60	6.27	0.90	0.86	37.40	46.60	134.40
559	MCB	β Canis Majorids	237.00	94.40	-21.50	0.78	0.14	44.20	8.83	0.62	0.93	77.20	56.80	71.50
560	SES	17 Sextantids	262.00	150.80	-6.90	0.71	-0.22	67.10	11.01	0.78	0.93	54.90	82.00	146.80
561	SSX	6 Sextantids	262.00	146.50	-1.90	0.82	-0.18	66.40	18.15	0.62	0.97	76.10	82.40	150.20
562	BCT	13 Comae Berenicids	265.00	186.10	26.20	0.69	-0.39	65.90	7.61	0.98	0.87	183.80	265.40	134.60
563	DOU	December ω Ursae Majorids	269.00	159.50	43.00	1.11	-0.40	56.70	17.80	0.53	0.97	265.90	269.00	106.90
563	DOU	December ω Ursae Majorids	269.00	159.10	43.30	1.05	-0.37	56.10	9.49	0.53	0.96	264.80	268.00	106.00
564	SUM	61 Ursae Majorids	275.00	180.40	35.60	0.85	-0.35	61.00	11.89	0.78	0.93	234.40	275.20	118.70
565	FUM	59 Ursae Majorids	278.00	174.20	43.90	0.88	-0.43	55.10	14.40	0.65	0.96	252.50	277.80	100.70
566	BCF	5 Comae Berenicids	278.00	184.00	20.40	0.66	-0.27	67.40	12.69	0.86	0.93	221.50	278.10	143.40
567	XHY	ξ Hydrids	284.00	171.60	-28.00	1.02	-0.21	64.60	9.60	0.93	0.90	27.30	104.00	129.40
567	XHY	ξ Hydrids	284.00	172.20	-28.90	0.89	-0.39	64.70	15.13	0.94	0.95	24.70	104.40	129.10
568	FCV	14 Canum Venaticids	309.00	200.90	29.40	0.94	-0.53	56.20	10.63	0.63	0.94	255.50	308.90	104.70
569	OHY	ο Hydrids	309.00	176.30	-34.10	0.80	-0.38	59.10	9.91	0.68	0.93	68.60	128.90	114.30
569	OHY	ο Hydrids	312.00	179.20	-34.90	0.92	-0.40	58.20	6.20	0.67	0.89	70.90	133.30	114.00
570	FBH	February β Herculids	313.00	247.90	24.60	0.81	-0.10	54.90	12.91	0.90	0.93	146.00	313.10	99.10
570	FBH	February β Herculids	314.00	249.40	24.30	0.75	-0.14	55.30	8.44	0.90	0.93	145.30	314.20	98.80
571	TSB	26 Bootids	344.00	217.60	24.00	0.60	-0.05	49.70	15.56	0.50	0.97	270.70	343.50	83.90
572	TOH	21 Herculids	350.00	246.20	7.60	0.27	0.14	63.70	22.89	0.85	0.96	225.50	349.90	127.20
573	TLM	32 Leonis Minorids	245.00	159.10	39.10	0.84	-0.35	64.40	7.71	0.93	0.88	209.70	244.90	130.60
574	GMA	γ Ursae Majorids	252.00	173.30	54.70	1.17	-0.37	54.40	8.42	0.92	0.89	211.20	251.70	98.70
575	SAU	63 Aurigids	235.00	107.00	40.40	1.22	-0.07	56.50	11.10	0.22	0.98	304.60	235.40	119.80
576	FOB	40 Comae Berenicids	282.00	200.40	23.50	0.65	-0.24	64.60	7.99	0.98	0.88	189.60	282.20	129.00
577	FPI	58 Piscids	134.00	12.60	13.40	1.16	0.38	64.20	10.57	0.49	0.95	273.90	133.80	163.40
578	TUM	thη Ursae Majorids	253.00	140.60	50.90	1.30	-0.24	54.80	15.29	0.53	0.97	266.10	253.20	101.30
579	TCV	Canum Venaticids-Bootids	282.00	210.10	29.40	0.69	-0.17	59.90	7.03	0.98	0.86	171.60	281.80	113.70
580	CHA	χ Andromedids	154.00	23.90	45.00	0.92	0.31	58.90	9.74	0.75	0.92	242.40	153.60	117.00
581	NHE	90 Herculids	38.00	264.30	40.30	0.50	0.19	39.00	12.85	0.91	0.93	216.30	37.60	62.90
582	JBC	January β Craterids	284.00	164.60	-22.80	0.80	-0.30	63.80	10.17	0.79	0.92	53.40	103.80	129.40
583	TTA	12 Taurids	164.00	55.50	1.80	0.80	0.39	65.20	15.37	0.71	0.95	67.20	344.10	146.00
584	GCE	Cepheids-Cassiopeiids	141.00	33.30	78.50	2.85	0.42	45.60	8.68	0.97	0.89	156.30	140.80	79.10
585	THY	33 Hydrids	262.00	143.80	-8.70	0.71	-0.18	64.90	33.80	0.68	0.98	68.40	81.90	136.50
586	TLA	2 Lacertids	133.00	332.20	44.80	0.63	0.53	44.00	9.97	0.77	0.92	240.40	132.80	74.10
587	FNC	59 Cygnids	137.00	314.20	47.50	0.23	0.57	35.30	12.35	0.85	0.93	227.80	137.00	54.40
588	TTL	22 Lyncids	220.00	114.30	50.80	1.02	-0.24	60.60	6.57	0.71	0.89	246.60	220.10	122.90
589	FCA	50 Cancrids	245.00	131.30	11.90	0.87	-0.27	66.60	15.09	0.53	0.97	86.90	65.40	167.40
590	VCT	10 Canum Venaticids	291.00	191.30	38.80	0.75	-0.26	54.90	7.87	0.72	0.91	243.60	291.10	101.00
591	ZBO	ζ Bootids	327.00	224.20	13.90	0.72	-0.23	62.50	11.72	0.78	0.93	234.90	327.20	124.40
592	PON	91 Piscids	136.00	19.60	28.40	0.75	0.37	64.80	7.23	0.79	0.89	238.20	136.30	144.70
593	TOL	28 Lyncids	223.00	118.50	41.60	0.99	-0.13	65.10	12.79	0.72	0.94	244.60	222.60	140.10
594	RSE	Serpentids-Coronae Borealids	298.00	234.90	25.10	0.71	-0.20	56.60	10.87	0.90	0.92	145.90	298.40	103.70
595	TTT	13 Taurids	175.00	55.10	16.10	0.92	0.16	64.50	16.69	0.43	0.97	98.80	354.90	172.20
596	MUS	78 Ursae Majorids	286.00	198.10	56.60	0.96	-0.43	45.20	9.72	0.86	0.91	221.50	285.80	75.60
599	POS	72 Ophiuchids	15.00	277.50	10.00	0.79	-0.04	62.30	9.53	0.98	0.90	195.40	15.20	122.90
600	FAU	43 Aurigids	209.00	96.00	44.20	0.97	0.08	63.00	9.32	0.62	0.93	257.90	209.20	136.30
601	ICT	ι Craterids	282.00	173.70	-14.60	0.88	-0.23	67.50	4.91	0.86	0.82	42.90	101.90	151.00
602	KCR	κ Craterids	292.00	173.40	-14.80	0.83	-0.20	65.80	8.77	0.64	0.93	74.10	112.20	146.90
603	FCR	15 Cancrids	233.00	122.40	30.80	0.96	-0.23	65.40	9.48	0.53	0.94	267.40	233.10	156.90
604	ACZ	ζ1 Cancrids	282.00	123.20	16.90	0.88	-0.16	33.80	2.04	0.21	0.90	132.10	101.70	4.20
605	FHR	52 Herculids	7.00	253.90	47.10	1.51	-0.31	39.20	43.55	0.96	0.98	203.10	7.20	62.80
606	JAU	January α Ursae Majorids	286.00	167.90	61.90	1.41	-0.31	38.80	6.86	0.70	0.90	246.90	286.10	59.20
607	TBO	12 Bootids	298.00	212.90	23.80	0.64	-0.37	61.70	6.50	0.96	0.85	197.60	297.60	120.00
608	FAR	14 Aurigids	194.00	76.80	30.10	0.90	-0.03	65.00	8.24	0.51	0.94	270.60	193.90	164.00
609	BOT	37 Comae Berenicids	290.00	196.80	30.40	0.69	-0.46	60.90	10.94	0.84	0.92	225.40	289.80	117.20
610	SGM	68 Geminids	263.00	112.50	13.60	0.84	-0.08	40.70	2.24	0.08	0.96	150.20	83.00	28.00
611	VCF	4 Canum Venaticids	270.00	188.30	43.90	1.07	-0.16	56.20	5.67	0.92	0.84	211.10	269.60	104.60
612	NCA	19 Canum Venaticids	254.00	200.10	43.30	0.69	-0.32	53.30	4.40	0.94	0.78	155.40	254.10	98.00
613	TLY	31 Lyncids	202.00	128.00	43.70	0.83	-0.38	64.00	3.40	0.96	0.72	155.70	202.00	137.10
614	JOS	January ω Serpentids	308.00	240.40	-0.30	0.74	-0.19	65.60	11.77	0.72	0.94	116.10	308.30	141.10
615	TOR	35 Comae Berenicids	292.00	192.30	22.90	0.64	-0.40	63.60	9.75	0.74	0.92	240.80	292.20	130.20
616	TOB	26 Comae Berenicids	300.00	192.30	23.40	0.61	-0.49	61.20	11.84	0.59	0.95	259.60	299.70	123.70
617	IUM	ι Ursae Majorids	226.00	129.60	48.70	0.92	-0.29	62.20	7.72	0.81	0.90	231.90	226.50	125.50
618	THD	12 Hydrids	243.00	131.80	-13.30	0.64	-0.15	64.10	96.67	0.87	0.99	40.20	63.20	126.30
619	SLM	7 Leonis Minorids	260.00	143.90	33.60	1.09	-0.46	60.40	10.37	0.36	0.97	286.70	259.50	132.10
620	SBO	σ Bootids	308.00	216.00	27.10	0.80	-0.52	58.60	7.50	0.89	0.88	216.80	308.30	110.60
621	SUA	73 Ursae Majorids	307.00	187.70	54.50	1.42	-0.32	38.90	8.52	0.72	0.92	244.60	306.90	58.90
622	PUA	φ Ursae Majorids	246.00	148.10	52.30	1.01	-0.47	57.20	9.41	0.74	0.92	240.90	245.90	108.10
623	XTC	ξ2 Capricornids	120.00	303.90	-10.80	0.98	0.22	24.50	2.40	0.51	0.79	277.40	119.70	7.60
624	XAR	ξ Arietids	205.00	39.10	10.50	0.97	0.31	28.50	1.86	0.31	0.83	120.90	24.40	5.70
625	LTA	λ Taurids	231.00	57.80	14.80	1.01	0.21	25.70	2.13	0.44	0.79	104.80	51.30	5.10
626	LCT	λ Cetids	216.00	48.10	13.10	0.99	0.26	27.90	1.94	0.34	0.82	116.50	35.10	5.50
627	MPI	μ Piscids	189.00	25.50	6.80	0.94	0.36	29.40	1.73	0.28	0.84	125.80	5.60	5.00
628	STS	s Taurids	223.00	53.80	14.40	1.00	0.23	28.20	2.13	0.36	0.83	114.10	42.10	5.50
629	ATS	A2 Taurids	233.00	60.70	23.20	1.07	0.19	27.50	2.19	0.39	0.82	290.50	233.40	2.70
630	TAR	τ Arietids	220.00	50.00	21.10	1.04	0.25	28.10	1.96	0.34	0.82	296.60	220.40	3.10
631	DAT	δ Arietids	216.00	48.10	20.40	1.03	0.26	29.30	1.94	0.30	0.85	301.80	215.20	3.20
632	NET	November η Taurids	227.00	56.10	22.30	1.05	0.22	28.00	2.11	0.36	0.83	294.30	227.10	2.80
633	PTS	p Taurids	240.00	66.70	24.10	1.08	0.15	26.70	2.21	0.41	0.81	287.20	238.60	2.50
634	TAT	τ Taurids	244.00	69.70	24.70	1.09	0.13	25.80	2.17	0.44	0.80	284.70	243.30	2.50
635	ATU	A1 Taurids	231.00	58.90	22.80	1.06	0.20	27.40	2.16	0.38	0.82	291.20	231.20	2.60
636	MTA	m Taurids	252.00	80.30	17.80	1.04	0.06	27.40	2.21	0.41	0.82	106.90	71.50	5.50
637	FTR	f Taurids	225.00	54.10	14.60	1.00	0.23	27.40	2.14	0.39	0.82	110.30	45.90	5.00
638	DZT	December ζ Taurids	260.00	86.40	18.30	1.05	0.02	25.80	2.25	0.46	0.80	102.20	80.00	4.80
640	AOA	August ο Aquariids	137.00	348.50	-14.40	0.94	0.39	38.20	2.22	0.11	0.95	146.10	317.00	24.90
641	DRG	December ρ Geminids	262.00	113.20	32.40	1.15	-0.16	39.50	2.12	0.11	0.95	325.70	261.80	30.90
642	PCE	φ Cetids	161.00	8.20	-5.30	0.91	0.39	36.50	2.25	0.15	0.93	140.80	341.10	19.40
643	OLS	ω Leonids	287.00	136.50	8.90	0.96	-0.29	44.90	2.45	0.05	0.99	153.60	107.60	37.40
644	JLL	January λ Leonids	288.00	140.20	23.40	1.03	-0.31	38.60	1.84	0.10	0.95	327.30	277.70	22.40
645	PHC	φ Cancrids	190.00	121.10	29.30	1.11	-0.21	67.80	4.63	0.76	0.88	120.30	195.00	163.30
647	BCO	β Comae Berenicids	9.00	196.20	24.90	0.87	-0.38	27.30	10.88	0.69	0.94	248.90	11.10	22.30
651	OAV	October α Virginids	16.00	202.00	-13.50	0.95	-0.37	28.90	2.36	0.39	0.84	109.80	197.40	4.70
652	OSP	ο Serpentids	18.00	274.10	-12.30	1.00	0.03	68.30	2.87	0.82	0.90	233.80	17.80	160.30
653	RLY	R Lyrids	32.00	280.40	47.60	0.49	0.07	40.10	11.32	1.00	0.92	186.00	31.70	67.00
655	APC	April φ Capricornids	32.00	313.50	-26.60	1.06	0.28	69.60	8.00	0.97	0.91	337.80	212.60	164.70
656	AAA	April α Antliids	31.00	159.10	-33.80	0.82	-0.37	14.10	2.60	0.94	0.64	32.60	211.50	13.80
657	GSG	γ Sagittariids	30.00	269.60	-29.00	1.14	0.00	62.10	3.82	0.37	0.91	109.30	210.60	166.20
658	EDR	ε Draconids	41.00	313.60	71.80	0.04	0.27	23.50	2.80	0.96	0.66	151.90	41.30	37.20
660	EPS	ε Scorpiids	49.00	251.50	-31.00	1.15	-0.12	39.20	2.64	0.13	0.95	143.40	229.60	24.30
664	MXA	May ξ Aurigids	46.00	88.40	58.70	1.57	0.01	11.70	2.41	0.96	0.60	150.10	47.40	10.40
667	JTP	June θ Piscids	70.00	355.80	7.90	0.91	0.40	66.60	6.93	0.72	0.93	112.60	70.20	162.90
668	JMP	June μ Pegasids	71.00	345.10	24.10	0.87	0.39	62.50	5.91	0.87	0.91	134.90	71.20	129.00
669	CHP	χ Pegasids	71.00	3.30	21.90	0.93	0.40	61.90	12.16	0.48	0.97	87.30	71.20	136.60
670	JEP	June η Pegasids	70.00	344.50	34.90	0.85	0.38	56.90	4.93	0.83	0.83	127.20	69.20	109.70
671	MCY	μ Cygnids	72.00	324.20	31.60	0.78	0.32	56.80	10.95	1.01	0.91	183.60	71.50	107.70
680	JEA	June ε Arietids	85.00	46.70	27.10	1.07	0.27	39.10	1.45	0.06	0.96	23.40	84.60	37.60
681	OAQ	ο Aquariids	93.00	330.70	-4.30	0.93	0.35	63.20	28.46	0.37	1.00	286.30	92.40	161.70
683	JTS	June θ Serpentids	91.00	284.20	1.50	0.91	0.10	36.90	16.96	0.39	0.98	283.50	89.30	35.90
684	NUP	ν Ophiuchids	89.00	267.40	-11.20	1.00	-0.02	21.30	2.18	0.62	0.72	266.10	88.50	8.30
688	BTR	β Triangulids	120.00	28.50	37.80	1.07	0.35	63.00	4.05	0.94	0.77	145.50	120.80	136.30
689	TAC	τ Capricornids	121.00	311.70	-15.70	1.00	0.27	28.20	2.59	0.39	0.85	289.50	120.90	2.40
691	ZCE	ζ Cetids	129.00	32.20	8.80	0.95	0.34	73.50	-2.44	0.99	1.26	17.30	309.60	173.70
692	EQA	ε Aquariids	138.00	310.50	-5.80	0.95	0.26	19.90	2.50	0.69	0.73	256.90	138.70	7.40
694	OMG	ο Geminids	164.00	116.10	38.30	1.20	-0.18	58.10	5.91	0.30	0.95	63.80	161.20	132.30
695	APA	August ψ Aurigids	146.00	95.60	42.10	1.27	-0.04	53.60	2.34	0.24	0.90	52.30	146.00	119.80
696	OAU	ο Aurigids	148.00	84.50	48.00	1.36	0.03	62.10	7.75	0.62	0.98	102.70	147.80	128.30
701	BCE	β Cepheids	153.00	325.40	75.80	0.01	0.33	39.80	19.29	1.01	0.95	188.30	153.20	65.80
703	IOD	ι Draconids	157.00	232.30	53.30	0.50	-0.24	17.80	2.93	0.99	0.66	161.50	157.20	26.10
705	UYL	UY Lyncids	169.00	111.70	56.10	1.46	-0.15	59.20	7.04	0.76	0.97	120.70	168.60	114.30
706	ZPI	ζ Piscids	172.00	19.80	9.70	0.94	0.37	38.20	1.74	0.06	0.96	335.50	172.40	5.20
707	BPX	β Pixidids	288.00	133.00	-36.30	0.70	-0.27	45.70	93.30	0.75	0.99	59.60	107.70	73.10
708	RLM	R Leonis Minorids	293.00	148.60	36.40	1.07	-0.34	40.90	5.00	0.25	0.95	302.30	293.40	47.30
709	LCM	λ Canis Majorids	286.00	98.40	-31.50	0.68	-0.06	25.40	4.85	0.83	0.83	48.50	105.80	33.20
710	IOL	ι Leonids	317.00	172.20	10.10	0.93	-0.39	40.40	1.59	0.05	0.97	337.60	317.00	25.80
712	FDC	February δ Cygnids	339.00	288.80	46.80	0.52	0.13	32.00	3.77	0.91	0.76	143.50	338.80	51.50
713	CCR	χ Cancrids	181.00	125.60	29.20	1.10	-0.24	63.80	9.69	0.42	0.97	78.60	180.90	156.90
714	RPI	ρ Piscids	177.00	22.80	16.90	0.97	0.37	43.90	1.89	0.05	0.99	336.70	176.50	33.00
715	ACL	α Camelopardalids	183.00	77.10	64.80	1.75	0.08	59.80	-8.70	0.96	1.06	201.30	189.60	109.80
716	OCH	October χ Andromedids	194.00	25.20	43.70	1.08	0.36	40.80	7.15	0.36	0.95	288.10	193.40	55.20
717	LAU	λ Aurigids	197.00	81.30	39.80	1.25	0.06	65.40	-1.69	0.61	1.00	256.80	197.30	145.40
718	XGM	ξ Geminids	206.00	96.90	12.70	1.01	-0.05	68.10	5.78	0.73	0.95	60.80	26.30	159.90
719	LGM	λ Geminids	232.00	106.80	17.50	1.04	-0.12	60.60	4.68	0.22	0.98	128.10	52.20	164.70
720	NGB	November γ Bootids	244.00	211.30	40.00	0.74	-0.34	48.10	7.50	0.77	0.90	120.40	243.80	82.80
724	LAP	λ Piscids	268.00	353.40	-1.80	0.92	0.40	8.10	2.69	0.98	0.63	178.10	268.30	0.20
725	DZC	December ζ Cygnids	270.00	320.50	29.00	0.78	0.31	9.10	2.20	0.98	0.55	168.10	269.70	9.50
726	DEG	December ε Geminids	268.00	96.70	25.60	1.11	-0.05	26.80	2.26	0.42	0.82	285.60	268.00	2.30
727	ISR	ι Serpentids	275.00	231.50	21.90	0.79	-0.25	53.50	9.25	0.64	0.98	105.60	274.70	95.10
729	DCO	δ Corvids	282.00	186.80	-16.40	0.93	-0.39	71.80	-6.27	0.98	1.02	356.90	102.10	159.00
731	JZB	January ζ Bootids	282.00	218.00	8.50	0.88	-0.31	64.80	5.70	0.71	0.95	115.20	281.30	134.50
732	FGV	February γ Virginids	338.00	191.10	-3.00	0.92	-0.39	41.20	1.50	0.04	0.98	342.40	337.40	8.70
733	LAL	λ Leonids	340.00	144.80	23.80	1.02	-0.33	15.60	2.64	0.83	0.68	233.10	340.20	4.00
734	MOC	March ο Cygnids	345.00	302.00	49.10	0.53	0.21	29.90	4.87	0.89	0.81	141.30	345.30	45.90
736	XIP	ξ Perseids	129.00	60.00	33.40	1.15	0.20	66.30	8.97	0.60	0.99	100.90	128.80	153.50
738	RER	ρ Eridanids	137.00	44.80	-4.00	0.90	0.28	67.30	8.94	0.99	0.94	18.70	316.70	145.70
739	LAR	λ Arietids	155.00	28.40	24.00	1.00	0.35	62.20	6.16	0.41	0.94	284.00	155.30	152.00
746	EVE	e Velids	252.00	129.50	-44.20	0.62	-0.26	44.40	2.67	0.98	0.64	13.20	71.80	78.80
749	NMV	Northern March γ Virginids	339.00	189.10	3.00	1.10	-0.35	42.70	2.40	0.07	0.98	332.50	338.90	23.70
750	SMV	Southern March γ Virginids	344.00	188.10	-8.80	0.93	-0.39	40.80	2.02	0.10	0.97	149.50	164.20	18.50
751	KCE	κ Cepheids	174.40	318.50	77.50	-1.45	0.39	33.70	2.93	0.98	0.66	198.40	174.40	57.70
752	AAC	April α Capricornids	17.65	304.50	-12.70	0.00	0.00	69.10	85.70	0.80	1.00	126.50	17.63	167.30
753	NED	November Draconids	232.80	194.20	68.60	1.42	-0.45	42.00	3.30	0.99	0.70	183.70	232.80	73.50
754	POD	ψ Draconids	11.80	262.30	73.30	2.37	0.25	19.80	2.63	0.99	0.62	179.30	11.80	30.90
755	MID	May ι Draconids	60.20	230.80	52.50	0.19	0.62	16.70	2.50	0.99	0.60	198.10	60.20	24.30
756	RPH	ρ Phoenicids	38.00	14.00	-49.20	0.89	0.50	43.00	2.70	0.74	0.73	291.60	218.00	77.00
757	CCY	χ Cygnids	171.64	301.00	32.60	0.68	0.20	15.10	2.75	0.95	0.65	209.90	171.64	18.60
757	CCY	χ Cygnids	171.33	300.40	31.20	0.00	0.00	14.35	2.64	0.95	0.64	210.04	171.33	17.34
757	CCY	χ Cygnids	170.51	300.50	31.10	0.80	0.20	14.65	2.72	0.95	0.65	210.66	170.51	17.64
758	VOL	Volantids	279.20	120.60	-72.00	-0.11	-0.21	28.40	2.23	0.98	0.56	347.70	99.26	47.80
759	THO	30 Ophiuchids	8.00	257.20	-4.10	0.90	1.57	57.00	1.36	0.52	0.62	284.50	8.00	138.10
760	OCD	Octantids	26.00	294.10	-77.40	2.61	0.41	31.90	0.97	0.80	0.17	112.70	206.00	65.10
762	OPA	ο Pavonids	46.00	315.50	-69.90	0.21	-0.02	31.00	0.88	0.60	0.31	133.60	226.00	64.50
763	UPA	υ Pavonids	54.00	309.00	-65.30	1.02	0.69	31.00	0.86	0.47	0.45	135.80	234.00	63.50
764	TEL	Telescopiids	63.00	291.00	-53.60	2.51	-0.27	31.90	0.94	0.27	0.71	139.50	243.00	55.50
765	ASG	α Sagittariids	78.00	295.60	-41.20	2.38	-0.01	30.50	1.03	0.19	0.81	143.80	258.00	36.00
766	BAD	β Aquilids	81.00	298.50	4.60	0.90	0.05	31.00	0.88	0.19	0.78	328.10	81.00	49.90
767	APH	α Phoenicids	101.00	4.30	-40.50	0.66	0.66	27.10	0.70	0.28	0.60	159.30	281.00	58.60
768	ZPH	ζ Phoenicids	105.00	13.70	-52.80	0.84	0.42	41.70	2.14	0.82	0.62	60.30	285.00	76.90
769	PPH	ψ Phoenicids	111.00	30.10	-46.90	0.84	0.59	37.60	1.26	0.89	0.29	63.30	291.00	74.80
770	LCA	λ Caelids	195.00	75.20	-32.90	-0.02	0.73	40.50	2.67	0.82	0.69	55.50	15.00	71.10
771	SCO	σ Columbids	199.00	89.30	-30.30	0.11	0.42	39.30	1.39	0.88	0.37	57.00	19.00	75.80
772	GSE	γ Sextantids	199.00	150.10	-10.00	1.00	-0.60	27.50	0.74	0.15	0.79	204.00	19.00	38.40
773	THP	3 Puppids	200.00	115.40	-33.50	1.08	0.03	32.90	0.96	0.79	0.18	248.50	20.00	67.00
774	ECM	η Canis Majorids	201.00	108.40	-34.10	0.11	0.03	33.90	1.02	0.95	0.06	284.10	21.00	68.70
775	OBP	October β Pyxidids	207.00	126.80	-34.80	0.53	-0.10	33.40	0.99	0.71	0.28	252.10	27.00	66.70
776	OAP	October α Pyxidids	211.00	135.20	-34.60	0.60	0.08	32.40	0.94	0.59	0.37	240.50	31.00	64.30
777	OPU	October Puppids	212.00	125.00	-36.40	-0.16	-0.13	31.90	0.94	0.75	0.21	243.40	32.00	64.70
778	ZAN	ζ Antliids	212.00	143.50	-31.00	0.89	-0.27	32.40	0.89	0.44	0.51	229.20	32.00	63.50
779	OLV	October λ Velids	221.00	132.80	-38.10	1.39	-0.45	33.90	0.99	0.76	0.23	256.30	41.00	68.00
780	NPU	November Puppids	224.00	125.10	-40.50	1.41	-0.51	35.40	1.17	0.96	0.18	322.60	44.00	69.20
781	NLV	November λ Velids	232.00	132.90	-43.80	-0.01	-0.29	36.50	1.28	0.94	0.26	320.20	52.00	69.90
782	IAD	ι Arids	250.00	261.50	-48.30	1.24	-0.30	21.30	5.44	0.76	0.86	300.60	70.00	14.50
783	ILU	ι Lupids	271.00	213.00	-46.10	1.58	-0.36	37.00	1.05	0.27	0.74	225.10	91.00	66.20
784	KVE	κ Velids	276.00	141.10	-51.00	1.24	-0.48	40.50	2.08	0.97	0.54	19.10	96.00	72.90
785	TCD	thη Carinids	276.00	156.80	-59.20	2.13	-0.13	41.70	2.38	0.97	0.60	342.20	96.00	74.50
786	SXP	6 Puppids	277.00	119.70	-17.20	0.47	-0.22	39.90	3.72	0.46	0.88	98.00	97.00	58.60
787	KVO	κ Volantids	280.00	121.10	-72.70	-1.42	-0.64	29.60	2.72	0.97	0.64	346.70	100.00	49.10
788	NHR	9 Herculids	282.00	243.20	4.30	0.04	-0.34	38.10	1.08	0.19	0.83	37.80	282.00	65.60
789	JMV	January μ Velids	287.00	166.00	-51.10	0.92	-0.13	34.90	0.88	0.78	0.12	172.40	107.00	73.10
790	PVL	ψ Velids	288.00	142.60	-42.60	1.05	-0.45	41.70	2.00	0.81	0.59	57.60	108.00	75.00
791	IAN	ι Antliids	302.00	162.90	-36.20	0.06	-0.73	36.50	0.86	0.41	0.52	133.80	122.00	75.40
792	MBE	March β Equuleids	359.00	320.90	5.00	-0.01	-0.01	45.60	4.17	0.15	0.97	42.80	359.00	68.80
793	KCA	κ Cancrids	289.50	137.80	8.90	0.00	0.00	47.30	999.99	0.06	1.00	152.60	109.50	35.00
794	GLY	γ Lyrids	316.50	285.00	33.70	0.00	0.00	37.00	100.00	0.78	0.99	125.70	316.50	54.60
795	SUR	September Ursae Majorids	170.50	196.00	59.80	1.00	-0.90	33.60	21.00	0.84	0.96	131.30	170.50	48.60
796	SED	September ε Draconids	187.00	296.00	71.00	0.00	0.00	27.10	3.25	0.99	0.69	195.50	186.60	44.10
797	EGR	ε Gruids	80.20	342.20	-51.60	0.70	0.00	52.67	7.40	0.73	0.87	66.17	260.41	93.03
798	ACD	August Caelids	130.50	70.00	-38.30	0.70	-0.30	44.50	5.70	1.00	0.80	343.00	313.00	78.70
799	NEC	November Cetids	233.60	14.92	-11.40	0.30	-0.30	9.89	2.29	0.91	0.62	24.23	53.60	5.50
800	JCT	July Cetids	110.40	19.48	-7.70	0.90	0.50	66.20	3.86	0.99	0.73	20.00	290.00	153.70
801	JCD	June Cetids	88.70	20.13	-23.23	1.30	0.00	62.52	9.30	0.92	0.91	330.05	268.71	128.46
802	ADS	June Aquariids	91.70	333.60	-18.46	1.00	0.40	60.89	9.00	0.44	0.82	115.53	271.68	160.02
803	LSA	λ Sagitariids	74.20	276.85	-24.76	0.60	0.10	35.15	2.20	0.16	0.92	138.80	254.23	6.06
804	DGR	δ2 Gruids	91.30	339.09	-43.41	0.00	0.00	53.12	6.92	0.52	0.92	91.66	271.29	102.14
805	GSC	γ Sculptorids	86.60	348.21	-28.42	0.70	0.50	63.54	8.64	0.77	0.89	60.33	266.55	138.45
806	SGI	June Sagittariids	72.80	277.58	-20.37	0.60	0.00	37.51	2.91	0.12	0.95	324.13	72.84	4.88
807	FLO	February Leonids	329.60	166.57	4.13	0.60	-0.20	32.44	2.18	0.26	0.88	125.51	149.57	4.06
808	PCS	φ Capricornids	226.90	318.09	-19.26	-0.20	0.40	7.06	1.84	0.98	0.47	349.43	46.90	3.12
809	USG	φ Ophiuchids	50.70	251.03	-17.46	0.40	-0.04	35.73	2.45	0.17	0.93	317.06	50.74	6.78
810	XCD	October Cetids	187.50	37.99	7.67	0.20	0.30	39.75	3.29	0.07	0.96	152.60	7.46	27.40
811	LCP	λ Capricornids	202.10	326.12	-11.74	0.60	0.00	6.37	1.72	0.98	0.43	13.76	22.15	2.63
812	NAA	November α Aurigids	231.38	80.64	47.24	0.10	0.00	45.05	16.42	0.22	0.96	304.45	231.38	65.12
813	OAC	October α Camelopardalids	213.60	56.47	64.46	0.90	0.10	43.37	12.80	0.59	0.92	261.05	213.63	69.80
814	CVD	January Canum Venaticids	304.40	185.86	40.48	0.00	0.00	47.37	7.49	0.52	0.92	269.19	304.43	79.28
815	UMS	August Ursae Majorids	154.70	146.26	63.90	0.00	0.00	41.20	16.22	0.65	0.94	105.53	154.69	63.58
816	CVT	February Canum Venaticids	331.80	195.72	36.09	0.00	0.00	39.96	7.73	0.51	0.92	269.96	331.80	56.50
817	PCI	42 Piscids	135.60	7.10	12.44	0.50	0.30	59.72	6.02	0.27	0.95	300.51	135.65	155.74
818	OAG	October Aurigids	205.00	70.24	35.53	0.40	0.10	56.19	12.07	0.16	0.97	314.16	205.04	130.65
819	SPS	σ Perseids	182.30	51.51	47.38	0.00	-0.10	55.37	3.23	0.51	0.83	274.85	182.29	115.54
820	TRD	October Taurids	192.40	69.81	12.46	0.60	0.00	60.90	15.07	0.31	0.95	114.59	12.45	153.49
821	DRP	December ρ Puppids	251.20	124.40	-24.20	0.40	-0.10	53.67	10.23	0.79	0.91	54.41	71.23	97.11
61	TAH	τ Herculids 2023	69.40	208.60	27.70	-0.10	0.90	11.90	3.00	0.99	0.66	200.00	69.24	10.80